581.122
-9.42598
234.937
-354.017
110.859
-925.259
122.802
460.22
365.128
-105.177
-273.283
782.683
564.997
-377.622
-390.09
-616.784
318.802
1111.14
376.463
287.221
464.999
226.63
-195.873
-22.4156
-528.571
-690.161
1310.79
-1026.25
-411.038
33.2347
971.018
710.282
215.811
-1178.39
-51.7264
-59.6398
758.314
1363.87
651.875
-991.082
385.146
-247.86
-221.985
712.713
-306.29
-291.961
-1377.22
32.0668
-924.646
641.018
-188.52
-304.838
-1139.71
-71.8468
166.618
-1168.39
-160.886
109.47
-1482.5
-368.9
57.9919
-254.08
317.739
38.0496
-580.977
-939.208
235.398
-616.123
-634.673
193.37
560.687
190.86
207.828
209.611
-959.011
346.997
-87.5062
-247.715
-837.639
-25.1805
-706.788
23.6734
-230.487
630.963
670.001
429.894
118.367
-154.011
37.7849
-25.3364
379.182
-29.7177
-292.066
-495.167
-94.685
614.31
-556.796
704.816
-506.412
-184.167
58.48
36.3096
-368.788
1244.31
448.211
73.9926
179.62
-730.574
164.401
122.849
-113.075
-612.441
1918.08
-462.074
-877.715
-718.662
702.643
624.157
1215.32
160.279
1498.12
-188.304
671.064
406.593
-755.082
-541.481
-201.436
-351.197
-103.185
903.803
-377.395
-119.398
-480.3
-1489.67
361.991
-381.11
210.15
-430.14
510.603
-260.766
-786.332
-1040.79
-551.843
374.586
-345.054
336.609
-784.318
-71.8295
192.986
872.466
315.971
-768.351
328.647
-184.003
-162.408
-89.194
1280.14
407.019
-865.806
1081.22
190.1
-641.604
-1708.53
-96.0944
-580.799
1395.8
-106.207
332.208
660.302
-846.143
-950.63
-975.181
522.586
-1019.34
126.798
-765.905
-2244.94
-246.508
-714.673
578.637
-92.6479
-527.005
-817.926
-169.635
824.305
-413.906
1231.95
-168.256
-791.107
-559.801
-85.8077
-733.32
914.681
282.189
342.195
1393.03
449.7
-513.412
240.929
272.593
-439.197
117.108
989.187
296.003
802.032
-879.92
-161.584
-587.952
-1295.11
-468.739
-758.336
-109.837
-1183.43
468.549
-736.659
1139.94
-1756.72
516.637
1300.71
-67.2266
293.409
1116.6
783.203
-1308.19
111.303
300.011
719.274
1661.75
662.975
231.544
-375.116
751.524
-509.712
-1353.36
195.726
-117.288
-150.987
-485.891
143.269
95.8609
620.16
-771.408
-332.218
541.272
-435.783
-973.204
-121.126
586.983
-801.224
198.669
-208.558
232.744
395.515
-742.09
-12.4183
-835.142
1275.53
46.7153
88.1275
-178.65
71.0883
1294.78
-482.361
829.438
-294.071
635.212
-221.673
368.233
838.429
22.3204
243.829
-649.768
-635.721
-444.479
-515.302
-554.082
-225.734
1150.81
128.549
962.106
-137.719
-568.08
1149.09
-399.848
-838.893
-296.594
1633.8
878.16
1476.17
113.232
717.146
490.72
707.194
-1144.76
-680.539
719.52
703.909
-371.517
336.327
327.414
-403.136
-138.547
-707.323
-270.39
952.159
-461.372
-1331.62
-484.864
390.478
2.58898
347.108
-521.602
-869.8
-511.335
776.808
-305.538
298.85
136.968
270.464
-930.509
552.335
315.531
332.169
30.0722
-785.548
542.435
-488.235
802.005
-373.004
-383.384
-643.401
-429.601
-1432.97
-525.74
-362.492
1295.73
1120.64
43.8859
-663.094
339.288
-454.933
-203.976
93.1976
693.146
-201.272
1921.97
-126.448
280.923
-462.827
1298.17
322.157
-138.177
360.964
-180.746
-530.006
172.875
667.615
-438.183
-559.873
-1042.92
344.203
652.259
761.158
225.477
-240.676
-191.968
204.97
885.677
-325.005
599.277
662.978
393.367
270.173
308.849
1133.23
99.3557
119.636
-55.4812
1276.57
58.6821
200.658
-638.52
687.546
-553.41
-384.662
-384.126
-76.0487
-1036.78
144.886
-12.1563
-274.706
14.1261
-403.277
-978.126
-862.788
317.175
813.187
1217.67
-955.8
-451.36
1516.21
137.152
-514.566
263.079
544.142
-439.607
-890.288
1005.96
-563.642
662.39
340.706
-99.2064
17.0191
169.132
288.317
-856.424
162.548
-124.873
-998.927
-236.441
-174.922
-115.253
592.686
-676.718
-622.528
416.185
25.3314
-254.76
-495.593
-1103.18
276.332
133.72
164.496
-178.908
511.054
-231.681
-135.305
-1.23395
-371.678
-268.024
-1011.96
-133.212
-133.175
1188.2
1233.95
984.005
228.002
-461.509
-637.164
-962.123
-218.7
282.398
-132.361
532.033
-801.38
-423.844
-551.902
621.593
-516.742
-1552.8
684.505
40.0969
396.222
-993.884
-581.239
-1026.6
169.95
532.26
-92.7085
1184.76
-269.646
129.18
-311.164
1275.66
958.704
-758.452
-46.9054
267.94
472.52
245.216
445.988
-575.945
-191.533
-1378.86
-18.9211
-1306.81
166.877
885.239
-271.375
-1092.4
-418.534
1108.9
-528.279
-68.0964
-1128.62
10.8126
-118.729
306.22
-273.097
-626.338
-516.261
-1023.87
-468.328
243.329
-1111.91
-151.695
-225.043
-434.545
-1142.24
588.852
826.955
-512.423
-788.257
1039.14
56.3287
229.327
-476.137
86.3842
-20.1028
-129.749
-385.364
465.564
236.979
-979.671
-738.235
-1444.9
-736.467
640.531
-164.587
-927.272
-97.1066
-223.651
-359.739
-686.16
498.033
508.98
512.921
-26.3979
-60.1592
847.62
-85.5683
-573.105
-431.523
1205.87
446.995
497.514
171.555
-1308.22
-123.22
797.716
560.689
-1759.15
-178.662
232.149
424.958
-112.419
-427.673
-166.706
-314.287
-425.895
-191.791
-772.845
-301.83
-451.852
77.0773
606.59
259.569
279.813
929.446
-775.819
419.343
-813.803
195.964
-711.883
-540.406
156.527
436.464
-1602.68
-53.4575
936.341
-487.691
-1148.32
-1059.03
-1224.93
-498.522
-268.864
-952.138
348.032
-890.348
-221.345
-244.057
-295.275
-1039.4
244.461
-751.671
1175.31
609.112
370.099
-277.912
1069.27
137.972
-101.935
826.744
-547.082
-60.6862
-464.38
-183.977
-1417.78
237.761
575.68
299.418
967.954
-626.096
-291.188
-413.171
457.619
-779.704
59.3164
-654.699
164.509
-282.972
-8.15349
801.699
-529.171
-1333.52
-35.9872
-178.283
24.9365
678.941
1350.53
456.861
-282.891
-617.012
1215.02
170.956
560.901
-581.717
-432.442
-554.06
916.139
173.995
-1132.19
-549.795
-1146.55
375.346
63.157
-165.829
-230.189
583.851
-104.48
-268.055
-517.693
-158.033
-1158.7
787.016
-152.878
265.72
-216.652
769.721
521.675
-32.648
-1015.66
504.14
-3.34272
-393.857
84.9095
-450.828
778.394
-26.625
-133.278
619.418
-519.938
-2077.16
-41.6185
-454.419
144.031
749.234
-293.647
93.5771
587.398
88.0421
-84.2081
-211.501
-211.63
-238.473
292.009
21.185
-78.0258
624.376
265.291
-144.999
-284.366
397.32
1920.01
-594.039
803.963
201.006
949.773
-585.61
-389.178
112.544
495.83
759.105
-1084.49
525.986
-785.979
-167.51
-787.506
-662.141
-180.455
-101.437
153.529
198.264
-591.701
386.043
229.399
-224.673
-427.763
124.478
1481.26
189.262
910.79
425.91
570.747
-569.201
479.931
331.843
412.312
1010.59
-387.565
1415.21
-453.777
79.4996
-816.978
378.063
-252.983
-97.8496
-186.876
-493.77
-412.398
801.706
281.282
-720.704
-546.895
-567.193
1306.98
519.903
-244.593
533.113
-595.115
-162.433
105.121
-160.948
-5.82462
577.199
-879.249
-1772.84
734.847
-1041.97
959.649
-334.488
-460.773
-456.573
532.97
-985.837
530.015
580.131
-108.694
-355.038
709.492
112.827
-835.9
-519
-61.6313
170.333
-1186.04
1003.12
715.736
71.0834
-131.181
-550.414
526.681
302.629
-978.983
-923.971
599.909
-874.539
904.32
414.211
-139.158
141.35
-848.219
-591.628
398.23
-305.639
720.362
485.326
341.209
138.414
-174.988
92.1935
419.999
542.935
310.659
28.1373
1410
680.075
-16.9866
-404.047
220.517
314.87
868.231
86.211
36.4721
679.49
572.94
679.418
-422.701
-290.597
-950.153
218.946
-179.845
-346.55
122.028
1065.93
-695.346
68.8985
544.863
525.09
-872.599
-903.955
-585.731
527.518
-1382.44
534.891
191.962
-104.571
395.361
-206.194
-889.567
-722.62
907.324
-800.441
-54.8755
954.184
1699.8
1065.37
-1211.49
-641.152
-283.943
594.471
-855.562
320.176
511.914
-1345.85
-469.674
55.6519
1104.17
-460.365
-479.812
-487.903
47.7858
1.10134
164.227
397.413
-768.025
-1530.37
237.728
1530.17
-469.789
-999.372
-387.319
508.766
915.152
-379.687
-299.99
751.546
-140.964
-216.401
188.367
249.107
358.757
389.886
791.862
-198.543
-121.338
-1323.09
2284.56
633.974
432.875
-1105.57
467.672
-73.9921
-131.911
-14.2503
-613.525
-955.429
-488.335
-543.118
-629.825
-163.261
-767.752
-616.689
213.037
-793.652
115.555
-166.463
-650.612
-82.8258
-696.038
111.782
442.168
288.379
187.013
94.8822
-608.486
-132.061
548.429
1176.87
-1115.28
1290.57
216.578
453.088
352.204
729.191
-524.543
-6.5174
1490.34
326.729
-496.79
-427.084
-1385.7
-2287.84
436.169
-911.025
58.1568
-436.173
286.777
-775.362
7.05218
-336.451
194.643
178.014
-1148.4
939.292
323.697
1060.58
815.439
576.896
651.057
56.5854
376.692
943.781
841.181
124.105
-147.703
-56.5208
380.939
-31.4312
1465.6
-7.79184
-1328.31
-572.502
730.957
-1113.19
-313.753
-380.134
-112.846
395.506
527.305
1219.66
-708.817
417.044
677.074
41.3237
77.3383
-168.11
172.678
199.305
84.3651
468.111
404.32
-854.113
378.189
-809.684
215.346
-449.965
1152.07
347.291
308.625
-528.625
-856.217
1667.89
-774.544
1142.63
-1295.79
1306.45
-1045.57
936.445
335.832
312.338
-541.415
-4.48456
-488.961
130.817
952.669
73.7655
21.4424
-745.16
446.248
823.354
-13.5252
-912.614
417.492
-991.11
-919.716
-457.013
121.612
-1629.04
696.194
577.136
-38.6081
-841.558
-73.7533
-0.466031
-703.336
-322.636
-108.668
252.21
-589.944
-208.104
-647.267
-206.695
467.104
-849.464
1682.64
19.9954
-73.0576
276.988
1014.18
337.041
-456.959
-992.681
114.79
262.322
869.405
744.805
-416.54
-609.72
405.02
-744.201
121.746
-620.836
7.77532
1132.79
730.471
369.227
-719.087
86.0603
1592.98
853.919
-599.45
221.406
340.66
-192.901
256.114
793.659
13.4977
-127.467
1631.88
1128.09
657.871
-414.164
-63.732
341.031
540.99
-405.229
-598.514
394.526
-132.763
179.088
-182.422
921.014
831.475
-429.788
-238.328
-233.94
7.60066
46.9267
843.543
599.929
927.653
471.313
360.43
-40.1659
648.097
146.347
-1011.69
-649.135
-766.734
1044.92
-929.159
-425.682
415.202
-481.718
126.055
162.02
-128.575
-372.126
-673.068
-822.163
441.375
147.339
-531.846
-209.621
112.986
1159.15
-530.102
949.51
750.777
672.128
-1165.83
297.329
-74.4724
165.186
-702.538
129.571
679.118
-679.448
1007.31
945.51
-73.3366
-623.904
-956.479
305.906
1163.41
-1023.04
-149.536
1024.27
-43.0396
-74.8048
-40.47
-1363.47
646.87
-585.736
466.377
-387.224
-83.4711
-860.412
-823.101
217.21
-202.18
-37.8904
1213.47
-677.607
482.576
-407.399
-387.578
-688.303
609.824
-172.602
483.61
-444.013
-906.624
-112.082
305.138
453.004
-1064.67
304.444
-763.553
872.456
-1382.78
-118.443
-955.495
179.185
1037.16
100.842
363.057
-776.406
994.742
-663.997
-110.182
-1717.86
-652.38
367.544
-1045.85
252.121
-230.577
-205.547
202.863
-771.642
-196.6
579.162
-677.502
-718.898
1124.23
620.828
790.154
-188.722
-383.368
966.291
416.816
752.329
483.78
-787.225
714.019
848.037
388.584
-920.176
-572.175
-273.866
-583.301
-400.211
435.577
172.097
280.605
-1319.34
-1182.3
349.199
-969.932
-431.966
-84.9014
-129.428
-672.255
-94.5982
1049.38
1064.97
1136.82
-1555.82
1277.14
8.68564
236.342
-366.98
-219.245
-53.289
301.788
1453.02
58.5388
838.853
-242.273
87.4148
-442.801
-845.187
-331.784
-593.181
-52.0575
-259.109
-536.169
-738.411
-362.407
-846.201
-415.291
70.7638
-1455.26
-355.497
-657.657
-91.9228
-410.177
284.541
-333.13
626.851
956.708
266.419
-1411.87
-235.179
653.871
-538.106
-1008.66
1604.64
-586.571
-71.3559
-44.8601
-168.378
380.906
-1422.99
318.967
-1253.59
250.311
-1011.36
-258.544
-1557.71
-471.941
-1055.92
-589.074
-18.2305
-1663.55
326.194
-206.654
304.357
-903.721
-1246.39
-1583.4
-358.911
-335.407
273.424
484.723
10.7415
-497.415
833.443
140.953
-1312.34
366.276
-649.272
-1141.12
295.973
1296.9
95.8779
737.935
-1137.04
-577.321
-228.858
-341.986
316.351
946.82
-1404.18
4.40418
81.7977
242.469
1464.32
-195.334
-423.144
-37.5856
-27.63
482.359
186.901
436.63
-1024.67
727.271
-430.04
964.401
-1106.49
736.034
-578.103
403.94
-644.088
148.335
-228.117
-505.659
1070.79
-938.532
1124.32
-907.365
920.599
284.458
505.912
-641.966
-433.38
103.827
1242.78
208.329
-1028.39
640.314
-135.759
-475.774
599.287
-751.045
-1235.01
554.407
-56.4336
-533.947
-63.1002
-283.318
245.228
401.389
-681.348
-1174.82
-77.2723
245.094
-862.254
-129.068
741.207
-682.932
-882.816
396.852
-572.952
-433.373
-1083.3
481.855
1746.5
875.462
-1174.15
-865.481
688
1360.38
209.22
193.051
-186.913
-730.273
613.172
-191.551
435.425
-823.231
-379.195
554.329
-507.635
-235.824
-289.018
-398.086
-541.32
-192.203
-295.864
207.521
-573.234
-38.4267
948.877
142.723
-250.084
-442.602
305.494
112.973
248.418
10.4753
1058.44
-627.968
311.115
-967.273
-377.524
-94.8592
-119.841
936.591
-337.461
-515.409
-885.36
759.249
426.111
-805.381
107.672
-141.824
-888.213
-42.5298
379.811
-250.276
-963.329
-743.606
-866.644
416.519
-507.243
1495.47
193.196
-741.39
337.714
162.012
-812.899
359.739
-598.806
555.071
386.685
1268.5
435.772
76.303
514.928
-820.136
-146.386
1807.69
448.158
-754.367
200.018
-275.855
-167.826
876.952
353.845
-275.196
-346.921
65.5168
-565.595
-157.181
989.275
-262.241
-163.921
1050.13
22.5072
-272.196
662.06
597.57
-161.701
71.6189
-235.799
95.0856
-292.457
-449.439
57.7781
634.84
240.417
168.191
1329.68
199.499
873.278
-431.443
537.404
-271.488
-130.969
-41.5423
-148.342
1276.05
-219.737
843.972
-581.403
380.92
-670.167
117.684
174.424
-248.954
-854.069
813.966
550.686
807.474
-405.041
247.13
-866.643
-798.259
-362.492
-471.687
-351.821
246.246
307.592
393.124
135.263
-612.887
1567.41
755.278
205.908
-191.755
153.446
-335.457
-277.434
-1046.54
331.05
176.56
-563.911
229.402
187.286
-413.889
-473.084
-197.098
576.961
-632.568
-38.5912
-511.756
426.42
-940.013
84.03
-1134.91
-789.529
-25.8582
289.602
340.671
-404.501
-4.84209
-198.314
313.304
-216.175
-479.55
32.755
305.556
495.643
108.342
-1016.56
-624.363
-164.527
-530.893
-663.192
236.873
-303.536
-160.508
-545.554
1563.17
238.568
-446.552
326.394
401.641
-455.14
-5.86542
409.603
157.81
-616.85
622.945
-291.228
815.356
-564.245
1051.69
652.128
32.6189
-927.307
1215.36
1295.47
-1378.9
869.319
46.5216
143.204
-416.119
1731
373.154
-497.057
-507.415
-918.623
480.397
-468.114
478.021
-224.293
943.804
-1106.35
303.962
1602.87
-1575.25
-640.464
227.054
160.378
-1005.33
609.038
4.19361
618.418
178.524
-235.426
945.642
-480.365
290.413
719.693
-113.618
-140.534
17.0946
-488.789
-283.371
-1716
142.178
-1467.02
-71.2189
-618.975
33.4603
-158.669
767.053
314.878
-1183.6
-916.966
-309.65
935.06
306.716
1216.56
1012.6
281.646
336.32
-731.961
-5.30525
-999.043
-350.718
27.0836
375.327
36.5487
-343.462
-806.488
-98.2055
114.99
-388.487
221.722
-923.673
-738.293
-425.406
1653.95
-242.22
564.494
6.22164
-776.721
-19.3634
1207.87
38.6232
-945.713
-197.207
208.925
178.966
81.2023
153.165
1232.13
32.1933
-331.967
-729.445
-946.596
288.56
331.255
-502.95
-845.869
-262.333
377.895
-515.48
-538.813
475.694
-1166.28
553.738
347.414
-1377.26
391.022
-123.891
-1478.78
169.305
945.593
-275.239
-1316.95
425.567
463.942
1483.76
110.678
-574.741
-339.748
200.731
-41.4845
-1248.52
1021.34
680.688
30.3381
-679.471
261.863
-519.35
-502.138
684.541
-333.363
463.511
95.1683
-757.559
1095.83
304.991
-42.7195
861.358
796.374
-984.047
-1075.16
1168.54
-974.722
1025.1
-1392.55
370.195
649.221
831.227
-479.954
-63.7529
1014.49
78.7395
-33.3936
-502.855
236.873
-313.567
47.8707
587.067
432.281
-650.89
-917.396
1262.82
-395.34
108.172
-776.249
-85.9892
652.65
105.113
-61.045
0.653464
776.812
160.985
1090.95
628.279
-232.289
-1168.87
-239.361
321.144
-435.537
806.74
300.237
-448.707
286.553
213.641
-330.289
187.719
-314.824
183.082
-937.131
-82.6414
35.0381
58.3843
-100.671
37.068
296.499
608.813
1715.72
300.538
256.502
-948.739
-204.8
-256.055
214.472
1290.85
-1281.73
-485.432
722.203
274.772
-712.25
256.973
-408.419
-71.3417
591.571
-689.16
-400.138
66.4404
99.1851
-472.923
582.954
-591.899
-446.66
-701.934
254.015
-337.662
352.061
-116.971
-542.657
192.935
499.265
590.86
-978.969
856.48
443.976
1533.66
-49.2584
-1080.24
-694.687
541.439
-575.256
-732.432
685.55
729.509
-121.068
20.2353
331.843
-332.009
-96.1517
-349.116
-499.965
-193.795
213.433
-1476.38
1442.09
-104.438
116.629
574.737
1102.66
17.9276
326.082
219.726
-1258.66
1419.71
353.717
697.703
615.127
-206.154
562.016
807.866
70.436
-865.486
-82.3294
1038.22
140.834
-871.244
-768.419
1237.03
70.9865
-176.138
183.999
1715.35
119.74
420.442
-1130.94
-740.571
-492.677
-20.0834
51.0958
-549.989
-450.599
174.522
-519.664
28.8248
404.476
-537.794
304.088
-531.176
-952.589
-76.0021
-266.927
-1375.59
46.353
394.937
1556
985.756
7.13761
-357.309
263.823
216.065
-474.834
285.546
-383.608
683.139
-456.706
494.561
823.792
929.026
-837.165
-823.669
-1216.79
-993.292
-406.05
708.962
-506.559
-191.966
926.01
4.26428
-79.8572
217.572
551.805
-500.4
-1039.57
-505.783
-486.282
1798.83
-625.802
-716.61
855.233
339.488
121.851
489.942
-242.698
-95.5003
399.468
-65.9766
-622.494
397.176
428.807
635.461
692.632
271.747
-847.549
-325.383
97.4575
-1209.99
743.466
-243.801
-514.495
-1092.2
463.126
-1635.85
583.777
253.628
229.337
-517.16
-405.554
-262.209
-389.434
341.22
-875.832
-450.604
-1228.38
322.309
328.092
-268.463
-221.171
-545.966
1624.38
-520.803
-244.768
-1203.17
452.199
1181.93
151.381
188.928
-656.723
428.797
153.754
-108.989
17.9044
1123.56
-774.82
-961.235
-417.908
-482.103
-281.881
-167.078
-24.306
508.366
-694.153
-906.873
-446.916
-182.975
95.6478
745.153
-1166.51
-180.815
-318.355
438.884
-453.112
691.045
-353.989
96.9028
483.646
8.16718
111.507
-114.436
-569.458
-224.517
-211.756
-69.7318
72.3899
-412.521
198.094
356.07
305.795
-660.388
-11.8432
-176.69
-514.415
-651.818
-646.396
-331.8
99.1995
653.553
-1269.06
-49.0276
-462.458
-549.196
61.811
-301.436
-481.314
-117.109
43.9036
-446.493
980.633
342.925
1160.55
244.632
-245.64
-126.956
319.541
635.17
-1572.26
4.66603
141.976
-431.065
-859.996
1911.22
621.32
-7.98885
-394.888
-419.024
-189.595
-182.893
386.917
-1222.62
539.702
232.123
-514.97
73.3205
-267.555
-224.117
-172.485
-1359.75
-1797.65
369.924
386.837
-378.709
-233.61
34.6599
1335.35
680.328
-769.36
-780.7
554.948
559.884
42.8986
452.986
-290.878
901.161
18.1481
47.4692
-1204.17
-754.561
145.938
-171.16
-605.89
-198.917
-268.097
-577.953
240.417
161.498
-1073.89
40.7343
347.913
-642.76
880.168
-64.9372
381.142
-826.012
-148.301
1020.04
585.903
-942.186
976.762
126.801
60.5883
23.1842
-557.505
268.71
265.484
-395.56
-989.427
-30.6634
262.097
1203.38
386.253
-338.111
-880.459
743.44
1046.33
64.0637
-597.237
29.901
469.492
312.962
178.604
814.99
-311.151
-1745.61
-509.908
437.415
-43.5676
-671.878
360.135
-506.872
627.213
871.556
-57.6015
-1274.34
-201.39
-325.252
-233.945
680.853
-18.3075
-258.45
75.0413
-44.2498
-30.5307
128.103
-715.013
407.68
-180.104
-104.103
264.275
-474.979
20.2105
327.637
126.094
-1255.39
-1045.76
947.042
338.181
635.571
-524.082
1122.32
-819.25
551
-228.716
452.654
668.787
2030.85
368.981
207.056
386.899
-77.4622
275.951
306.576
-736.423
-280.883
651.186
-1003.62
-671.803
825.389
1236.76
-55.6315
-183.849
66.4527
-297.065
-255.963
58.5373
752.61
301.929
336.736
-131.234
65.5736
489.526
868.763
-541.81
513.346
10.3985
378.825
989.984
380.702
308.215
-375.555
405.876
-1517.36
752.734
203.009
-259.685
325.007
406.363
-187.473
-930.425
188.759
473.479
105.245
-340.896
1001.86
-126.895
-1046.79
1220.05
1307.09
40.2164
-1200.05
-220.775
43.1292
-761.295
-64.2612
956.035
-727.659
1096.64
-981.665
-101.263
-685.621
323.447
-77.4992
779.734
-670.51
-706.98
-125.258
239.974
558.001
203.945
996.878
988.122
1006.04
-1161.6
28.7267
-730.728
501.114
146.099
1011.76
-621.358
943.68
-258.731
-625.663
930.214
-95.0622
-1312.79
-591.741
-338.06
470.602
129.514
-1248.84
326.849
843.053
-912.811
-140.86
-389.038
-297.024
-385.407
51.6147
-104.785
-701.668
596.764
-455.627
-1213.86
564.665
372.705
338.676
384.442
1083.86
298.296
1151.82
178.287
-618.181
-84.2069
547.147
-18.9929
-158.584
1154.99
-528.98
1112.76
-386.758
-201.192
-252.592
-722.585
-706.294
84.4785
40.3337
-188.36
326.73
-766.526
781.601
899.503
154.008
-325.804
-256.936
-283.105
-395.158
-283.564
544.204
825.632
409.081
145.129
-66.7025
1084.97
240.396
-375.824
774.125
-78.2094
-126.565
296.618
165.962
411.258
935.961
-109.719
1207.65
-475.602
-1129.48
-784.621
3.27021
-1159.95
-805.37
308.81
-488.074
-819.741
-772.284
-552.192
336.853
-370.262
-203.109
174.022
-394.989
-820.389
526.573
111.486
228.264
722.631
788.906
119.624
368.699
1147.47
16.8989
-1489.82
-190.031
-358.078
-940.439
170.61
-376.215
1086.37
32.02
77.2299
148.303
754.894
-859.891
-797.44
-618.518
-572.19
-304.728
181.199
247.516
-1138.55
80.2859
-203.873
-53.2669
51.7931
-855.062
-536.611
285.311
99.9356
-589.973
439.728
-517.668
747.124
120.613
-116.701
-119.486
-403.049
-741.849
-1027.37
946.765
803.094
-290.803
-665.981
222.569
827.395
-11.6398
-1064.28
-396.743
591.225
-1045.03
-522.335
-1066.05
-637.002
-338.411
-46.1335
-184.28
463.355
-848.75
-442.175
-860.221
-590.345
543.566
-85.4949
-193.822
-564.178
198.466
-509.636
-186.741
167.365
291.832
295.856
-290.222
-621.781
367.492
533.245
1487.67
-235.262
329.721
-148.931
314.084
-141.382
-104.61
-660.17
116.042
50.7928
3.55699
-437.124
1006.69
-228.171
-81.0092
152.197
267.205
791.88
413.985
-65.7559
571.385
217.52
114.486
-540.002
-667.402
-412.492
-287.764
-902.719
-85.2502
-759.385
423.238
392.896
230.778
1008.21
-114.293
-433.869
-179.553
-655.018
-198.684
-658.663
487.806
777.368
764.225
401.518
-871.578
-373.441
-99.7273
982.642
324.83
542.698
-1178.93
27.1601
490.095
-11.0467
-582.455
-277.406
-134.228
170.375
-1367.53
-908.319
-224.449
44.7764
-426.498
193.44
-194.792
87.5547
-269.016
1297.07
-102.173
-112.114
-1169.94
-861.936
-561.439
-128.841
417.932
-147.628
282.989
317.135
392.089
-417.472
520.474
-1222.24
329.766
-730.742
-842.182
548.672
659.278
628.077
346.499
-654.978
-1131.77
-210.402
276.767
-884.831
-941.257
156.997
77.4501
122.562
315.099
-501.229
-449.552
569.296
65.7228
557.372
-1179.86
-1100.91
108.573
-960.57
-108.187
-150.089
70.9387
79.2084
1496.11
-744.585
-157.077
-554.142
-339.086
165.491
-160.573
-164.937
-727.684
1262.45
1331.83
679.867
174.759
-181.555
-689.957
593.666
504.967
-164.399
-739.925
568.453
858.527
414.324
-103.808
877.64
-176.831
-1136.56
166.623
-274.729
207.771
-604.719
1590.93
-305.093
-440.745
952.757
1069.62
1049.14
617.835
-235.145
-1236.62
1301.02
227.579
-21.0365
-1041.15
452.821
186.394
493.815
596.989
-646.612
-880.467
-1329.1
-1963.72
648.871
1047.62
-676.502
858.974
127.838
846.819
73.9063
-833.179
-156.912
1206.67
-328.382
244.646
408.97
-656.554
-592.571
1127.68
-374.635
-725.747
-514.737
327.709
-479.781
152.859
-870.424
1182.71
701.874
-79.1598
-1667.97
-843.381
-819.621
642.212
-350.402
-95.3919
934.333
-532.09
544.786
-379.246
-59.2259
-153.733
-798.811
-616.119
1368.11
-199.876
-4.05787
-125.329
85.5435
395.2
-104.473
-661.039
529.717
-629.854
-230.057
-213.588
314.252
-345.108
964.809
396.452
-497.104
-1009.15
-615.262
-549.85
432.215
-197.314
-549.05
-974.058
-633.376
554.801
-413.899
-385.824
-35.1455
-404.14
780.026
-239.473
-185.142
-949.296
-220.667
-318.917
-292.456
246.642
-121.193
789.188
-461.16
778.948
204.46
-66.774
221.597
-1304.94
-482.762
50.6061
-119.033
-482.597
368.21
259.817
-503.071
-841.55
84.7228
-198.409
-1381.66
13.8379
122.047
-407.997
1046.62
538.469
708.557
1083.35
565.397
468.107
-783.366
955.478
-414.295
988.534
-306.993
49.7051
93.9921
-66.9687
50.382
971.52
-361.683
-1370.42
275.279
-1133.03
471.157
235.017
-1892.76
-220.49
537.802
398.152
150.901
906.907
-332.792
695.447
179.329
71.9762
-545.184
-497.777
1113.8
-72.3003
242.145
-267.175
-51.4797
-265.231
-729.809
14.7909
-995.512
-417.659
506.535
799.046
-958.376
35.5084
22.6809
-243.464
-817.754
452.023
-82.799
-1066
-154.565
262.724
-642.502
406.924
235.132
-735.969
-491.349
-600.103
418.532
-159.112
1153.36
27.4152
106.166
-1097.21
-641.111
-964.507
351.25
-243.726
651.06
-49.3718
-184.843
514.454
-514.305
-781.156
106.09
-690.922
-152.429
-556.839
159.873
-240.28
-243.431
-1471.91
-288.996
-442.875
925.68
-629.35
-773.799
716.38
-426.158
-14.45
-823.432
124.108
-338.326
302.229
-1267.19
314.823
-679.521
481.657
787.102
-511.47
-1079.91
507.174
-1112.22
199.293
295.746
804.197
627.892
464.462
196.157
-207.626
-644.331
-678.179
411.915
12.4032
923.417
-351.075
-351.355
-501.882
48.7551
36.627
-561.018
145.191
-6.36112
469.115
-587.221
-34.6461
1331.72
-470.038
634.27
-431.341
1107.98
-68.9386
949.83
-440.666
1066.52
558.057
925.817
970.948
-188.467
1123.06
-555.915
119.292
-563.571
295.72
1035.42
-558.352
84.7704
78.3115
447.018
-717.661
230.156
25.1043
71.3777
41.7946
-943.168
-131.895
-1100.76
247.64
1365.77
364.204
-849.614
-948.267
-267.134
415.889
-253.859
1392.05
-409.346
16.4857
368.467
429.469
-402.124
430.767
-463.359
715.702
-118.87
-464.278
376.092
-292.506
-25.295
292.388
152.576
254.907
-623.152
-78.7747
475.796
-407.928
13.8291
418.624
-1152.56
402.791
-398.755
-132.786
98.7749
1293.33
88.6395
-71.5295
719.765
32.7695
802.467
-770.497
195.459
-897.952
441.645
151.682
-88.1351
362.05
445.79
168.709
-141.358
632.031
-523.932
-846.997
618.982
243.265
-189.931
-852.157
854.32
29.426
-69.3859
-255.566
221.466
-803.653
-200.036
1155.4
-952.715
809.957
725.053
206.49
267.202
547.365
561.381
-69.7992
105.567
-653.885
500.64
102.628
834.753
-1757.73
-737.921
468.848
155.566
-329.235
-1108.41
93.3054
1225.84
-506.548
760.168
8.96649
-126.387
768.304
1391.14
-626.751
-56.0775
1.10581
999.105
668.267
620.839
493.12
691.682
543.667
-7.78266
626.142
397.675
-53.9791
-680.691
609.655
-1155.02
1436.41
-848.309
507.017
779.722
766.071
-1422.92
-121.633
461.082
409.267
834.351
-741.194
790.723
1405.32
1440.84
-369.043
464.78
-117.174
-311.131
226.125
406.533
-493.524
-292.124
598.412
923.185
1478.21
-127.114
434.88
-926.749
-7.86113
-963.239
-369.277
476.106
-609.808
-348.335
475.483
-439.022
-270.219
318.825
-746.442
39.8575
-268.201
-188.245
480.687
-594.196
1491.31
728.165
-442.697
890.691
748.358
716.152
114.531
950.37
-325.777
115.233
-28.8314
210.683
-627.599
-665.16
-312.88
123.592
769.398
207.163
26.3473
-260.585
-1168.68
-1004.25
-1303.39
-226.756
140.668
-91.018
-482.716
-275.71
191.825
77.9834
491.452
-1382.44
-268.537
128.585
989.203
770.779
-973.746
668.621
-156.965
436.166
780.718
-468.071
-508.07
-516.137
691.796
-26.4023
834.391
-506.605
163.058
-23.8115
-725.041
320.462
-322.22
524.751
-726.638
-90.4463
-1355.43
-225.515
-716.744
-689.397
-60.8385
-192.429
-567.832
602.331
542.494
94.8811
-40.5337
741.904
192.517
696.944
1159.5
-55.4424
-209.652
572.983
466.971
-208.097
410.859
244.637
272.037
-396.637
488.769
578.938
385.749
-1125.43
510.346
-886.211
157.35
1120.49
-581.613
461.212
-196.329
23.0911
-8.53953
396.814
-1410.87
164.313
-154.713
-1306.51
-4.87885
1467.07
1481.86
-445.886
-494.842
-363.874
-377.231
283.986
-915.261
-486.87
-1213.41
-158.217
-360.159
1017.38
-456.047
514.58
-277.896
24.5031
-438.102
-168.075
-250.141
-665.834
-23.7677
154.855
-488.64
-1013.68
602.75
42.0864
149.668
-640.077
529.17
-734.04
607.02
-1733.53
-209.339
-361.453
741
548.233
272.619
-1260.31
-524.154
490.86
-824.277
-197.109
-422.702
-369.485
476.634
30.9591
493.572
354.132
807.649
207.025
489.928
-1806.32
-568.838
300.555
-402.728
29.3858
79.3644
-675.386
-219.259
-26.8527
-88.3296
-689.495
-451.877
568.589
-540.346
631.046
237.571
920.065
-1106.89
-63.7382
-106.445
-67.2009
-264.066
665.645
-143.746
175.804
-819.96
-2118.06
459.414
-63.3118
-614.186
-530.413
-696.514
643.487
-788.25
-21.0767
58.8111
107.968
-1060.51
878.57
-1189.95
130.095
61.4166
346.416
320.746
686.648
-596.894
209.711
299.086
-186.172
-23.8316
-764.811
374.425
-377.126
850.555
-550.421
-248.982
-567.753
-11.4492
180.138
2281.03
133.989
-1324.88
-63.9935
-348.793
-270.875
-557.262
474.144
-167.5
-164.919
78.8995
-1101.55
10.9494
-938.002
376.62
637.818
217.343
373.404
-939.946
-198.279
1123.37
867.583
-723.516
1536.69
-400.101
988.139
-446.343
-646.544
-143.87
1072.58
-8.80592
-510.745
-218.214
-499.644
-189.617
-985.402
412.083
434.985
621.002
-1806.83
-625.089
-757.821
-120.51
251.475
-164.54
-281.168
368.257
919.848
43.4738
632.526
-274.069
-925.462
-167.779
380.277
638.958
-41.3281
-52.1089
626.255
420.185
-230.263
97.6544
-1428.77
-274.21
-830.667
13.08
-177.285
233.041
596.945
1071.28
372.569
-1456.35
-181.601
-540.531
249.772
-129.33
196.012
378.596
895.117
-208.761
-378.091
302.708
-133.141
-206.003
208.189
-213.933
-338.125
105.735
348.359
-224.838
-1121.25
-1169.46
-733.112
-244.131
-671.535
-736.252
20.2671
59.7147
-1119.02
453.454
463.218
-320.5
-570.377
-133.85
1000.25
350.718
759.7
-243.819
804.266
-267.824
1320.58
-612.412
439.146
990.89
238.524
748.167
580
628.77
-296.565
277.203
-341.416
-827.035
-404.521
-137.234
-1448.88
-24.3513
453.632
-851.572
-1533.11
372.578
-893.165
276.606
-79.484
-116.336
576.472
72.4824
751.251
2.99792
-214.472
302.227
1416.07
34.3537
125.228
501.828
1726.58
-160.606
-398.298
26.4093
907.035
137.576
1046.62
-355.757
256.821
-734.705
-208.713
-1408.02
54.0385
-1154.85
-984.853
-750.626
-749.193
-402.496
-1207.63
221.608
-51.7996
-31.2452
-7.0264
-310.637
-1258.33
675.359
801.344
-256.758
91.9805
-321.644
-127.407
-126.606
-243.249
116.142
-378.366
768.74
386.889
257.904
-1430.62
769.211
-230.347
-478.232
809.222
902.11
-541.227
-265.695
159.955
-110.151
120.571
-323.23
408.249
-762.234
971.962
314.466
246.453
226.012
-620.069
-370.823
381.906
-118.29
-741.443
160.263
-908.645
-22.4966
-140.858
796.08
-226.389
408.561
-381.71
-342.265
-326.498
574.007
496.098
-1003.89
-401.574
-179.891
330.764
-410.026
-588.111
67.0339
908.906
353.609
-138.864
-559.868
-291.769
-607.473
346.325
967.561
-222.476
246.284
743.509
-605.879
-1212.02
255.509
-681.569
-1060.31
-347.855
110.907
-874.566
-628.1
340.931
-1538.52
98.4381
-1172.23
1330.54
-625.682
666.548
-208.877
321.22
-319.065
-601.547
790.82
204.634
-126.494
-596.934
245.607
-809.566
779.37
12.0521
-721.179
-372.84
-637.412
-190.403
248.279
394.731
960.163
-230.157
-811.837
-89.7051
-23.2047
912.165
366.122
-561.914
-741.357
384.246
-698.315
-233.436
-97.5735
-28.1703
-158.418
-35.2727
-524.817
-353.639
-91.8367
534.614
-243.257
-1327.92
-8.17846
-246.211
-32.4434
-48.9595
426.805
-105.209
-62.7959
1244.12
-1407.62
-914.871
-455.033
1124.34
-305.218
966.724
737.154
-758.915
-101.874
199.482
1575.96
-723.584
-124.654
-850.703
-848.042
387.085
666.877
379.833
396.8
-16.3636
-349.849
465.084
-877.123
-917.312
209.798
-432.4
-672.283
-246.1
575.267
173.897
-378.514
-159.114
10.9081
177.644
-154.081
1122.03
268.578
448.005
-730.865
-539.794
1356.05
-147.289
-67.9616
-396.398
237.155
-781.924
740.501
91.5146
-486.218
-75.3329
-705.094
1056.96
258.373
-566.888
-723.175
-879.531
300.589
48.0686
52.0212
-912.949
79.3434
-1501.89
123.823
346.306
-94.2322
844.35
-275.992
4.64747
258.489
82.4572
-199.579
612.236
-192.877
615.235
153.887
469.187
-792.835
1107.49
-683.379
-426.516
13.161
309.94
170.707
-441.237
240.525
-131.041
623.77
-33.8229
465.034
-724.968
518.706
419.709
75.0719
548.517
74.4775
753.029
-365.838
895.549
-677.744
76.0808
-428.11
668.372
171.634
40.984
-264.862
-637.867
-634.589
-75.0547
149.524
-387.284
165.596
-342.762
431.065
-601.059
-1023.17
-703.968
87.1622
861.996
668.066
-69.4521
336.131
1164.47
-923.041
-122.574
-224.383
-144.72
457.917
669.618
-192.654
486.117
1043.61
-47.9941
528.47
-389.511
-981.929
-502.59
-1524.17
364.695
750.144
858.567
235.957
298.496
-662.266
-637.571
-940.069
282.915
178.867
-290.278
264.377
411.517
202.272
1027.48
237.315
-916.184
862.292
955.177
706.395
230.926
1813.94
653.133
579.43
887.611
633.278
-201.683
208.515
112.927
-213.056
1097.82
426.023
-59.1575
-204.759
-292.753
316.993
-833.029
-145.644
665.431
220.632
-204.593
-251.462
-887.118
-192.68
519.328
474.285
539.76
34.8875
447.219
1309.89
-111.432
-1014.82
378.239
-9.34578
256.87
-22.8235
-152.438
-142.289
505.105
-843.915
-1113.18
234.049
-433.596
829.5
348.383
122.225
-676.597
157.493
861.618
145.661
-11.1514
-371.962
215.729
-574.497
-311.876
297.488
-308.328
-1037.82
220.408
20.3863
303.288
346.519
-265.874
-40.2387
436.935
969.853
-510.36
-1595.79
-298.73
1008.36
771.399
-91.6057
680.046
553.267
-641.75
-1318.94
-294.376
16.3114
-124.211
-647.811
371.586
74.0559
-80.79
-485.721
866.599
-598.275
348.57
-203.133
212.085
-950.711
-669.488
1113.97
223.628
1726.78
621.401
-35.7745
-889.894
12.5731
370.914
93.8992
84.1718
-596.478
-762.228
-267.934
969.73
-169.726
236.776
140.966
35.8813
-248.097
949.6
-703.213
579.332
-797.78
-822.644
351.887
7.01093
-1133.47
502.043
936.354
735.962
73.2687
-925.95
-31.3622
988.027
998.642
-723.703
427.193
-357.958
230.847
770.024
239.415
-591.267
-529.111
264.434
-590.587
-624.603
-105.317
1017.64
275.105
1194.52
656.321
-587.861
-119.116
-102.055
276.106
376.241
383.955
-763.637
-627.398
-143.246
211.298
-1130.16
-44.3196
-553.47
-98.2763
-642.674
-1260.84
-185.043
-71.47
341.302
-398.64
-1073.02
-666.58
-431.989
-955.666
290.885
1898.59
51.0906
945.243
711.508
260.075
-571.641
-323.993
-658.222
583.294
-97.0198
-251.892
100.209
516.007
31.7464
-1520.9
-354.089
-533.329
-15.5663
-1037.96
470.273
278.453
-217.622
-1299.53
1165.81
815.28
-472.381
-427.891
3.74764
-1102.43
-319.832
-197.617
-272.385
-319.215
-671.71
-413.313
533.946
607.852
112.399
36.8616
795.633
-370.718
307.018
-1191.87
-1113.67
-6.61785
164.767
-350.354
-230.066
87.1794
-805.109
155.592
-340.308
-514.067
-501.393
71.4124
-1088.31
-164.145
561.489
-567.149
-112.155
-326.418
-524.556
307.832
298.604
-879.039
-589.34
-132.243
-211.077
-285.03
-129.641
-87.3489
303.241
-249.184
-170.95
251.014
886.777
148.459
-855.226
-1634.31
-317.47
-248.377
855.471
626.367
92.3907
19.1478
1058.55
783.236
-98.2212
338.316
-485.198
-724.6
308.121
800.718
502.509
495.388
1012.06
170.537
-23.8841
-657.948
-164.333
-846.324
1237.28
418.774
-790.952
-417.178
616.977
592.424
-344.527
-113.171
205.949
270.982
638.429
147.476
-984.966
-1235.34
-567.914
922.483
47.2562
197.128
468.056
42.835
871.475
-207.762
-21.7914
377.859
-303.943
-288.193
-778.528
513.905
-632.181
168.892
-438.823
-416.839
-872.004
-41.1756
352.717
74.0538
-1001.96
-1407.73
-450.454
-398.389
-111.948
50.7524
328.765
-115.585
-283.859
70.1135
-616.091
239.593
67.6444
-454.562
-47.6869
-6.19439
521.129
1298.8
564.063
480.256
448.1
-1705.84
479.149
-164.371
-1568.26
-1215.06
248.216
-687.468
40.768
417.68
-796.099
-1029.38
400.268
-418.026
1043.89
154.911
-298.143
-792.786
76.77
873.613
211.24
1846.05
-1634.1
836.168
-683.412
406.389
-494.664
261.351
384.025
-43.2572
934.868
-572.596
-54.7638
-136.894
708.234
-572.171
238.495
-966.654
-60.368
599.814
-1338.65
-518.906
860.296
-154.923
166.645
-84.0616
1368.01
-533.873
1848.98
0.681856
1094.65
-1084.06
172.96
805.021
1459.33
-516.144
-688.991
888.074
-1125.35
563.253
1551.83
226.545
258.7
-496.374
-7.43589
-156.686
77.6724
-157.752
286.389
423.762
-337.2
688.906
-560.186
618.641
341.039
499.571
-192.83
-261.353
341.494
-70.6145
448.07
-217.11
568.202
127.985
-394.001
-1007.68
-186.157
538.365
-528.319
666.847
49.4729
-412.095
-825.582
2329.93
-0.259304
540.695
-45.1183
33.8131
77.2097
-660.106
-226.256
-60.6431
566.236
-891.651
-285.49
-189.202
-333.474
38.4711
-975.809
1009.36
283.699
-346.328
-643.61
-603.787
840.328
-342.624
-720.408
409.839
711.388
-148.014
958.288
-446.757
-1328.46
-243.22
615.62
-106.473
267.895
-662.156
391.966
639.162
1505.14
-245.237
635.09
-1490.09
362.805
851.375
-1015.62
338.894
-97.8453
1032.19
540.337
667.687
-1663.7
-1016.65
-439.949
-207.232
-152.103
-951.888
438.613
-1084.71
-116.978
-225.07
-914.781
-161.287
704.376
325.608
-1156.55
312.437
-753.383
332.065
196.17
236.498
-195.621
-540.555
902.43
-538.959
-405.62
-648.839
330.358
451.336
132.25
-313.464
-237.568
150.019
622.684
112.009
617.096
874.037
276.449
-711.194
-375.897
-651.115
-673.257
-1309.31
1956.66
1654.22
56.3087
404.231
-697.995
-320.664
-274.598
-270.32
-100.134
-11.0488
-45.7524
1087.33
1390.2
175.938
-58.8253
-45.4845
-855.722
1081.07
258.718
-1063.21
346.602
243.831
1220.18
585.62
76.9958
-1063.52
364.824
-3.68406
469.034
-315.117
433.595
-258.157
696.731
412.524
68.647
-519.162
597.411
582.776
-662.652
145.758
416.701
553.901
-1059.21
-699.511
-716.902
98.8216
-125.771
-515.214
263.787
-1570.03
-1211.69
-826.29
159.071
48.8685
-818.581
-993.113
-569.169
553.379
-571.692
-751.356
582.092
526.01
266.117
520.739
-443.019
-863.793
-14.5668
33.3363
299.779
1392.93
-218.397
-350.973
548.551
-531.631
-450.384
810.392
-686.895
-781.765
-686.731
95.0239
-1503.31
-349.97
182.646
195.048
-537.87
-267.476
-45.0662
-221.768
-449.429
226.137
170.401
-714.553
-41.22
126.69
20.4373
452.657
-268.514
-185.974
-735.209
538.667
-1250.22
-25.1068
186.515
688.08
-193.803
-375.961
173.046
-1308.99
1605.97
-839.435
930.868
12.7965
1755.86
-393.306
-131.427
66.3371
562.9
-210.817
3.1444
-456.833
562.631
138.837
1245.03
565.013
-1256.32
-946.459
392.225
-371.946
-806.708
-129.397
-997.967
468.69
422.755
-29.3517
166.28
275.326
-45.4582
485.463
364.064
-44.3141
-277.448
661.824
1174.85
791.713
417.533
-107.343
368.375
-855.168
123.096
540.789
-1.57159
-686.749
353.371
703.664
-225.619
-165.633
951.889
672.51
577.541
-1216.19
351.534
-295.416
-417.022
-161.65
-199.933
181.077
427.608
-1005.52
-1095.93
10.0006
478.538
-218.624
-686.922
-1446.16
-1279.14
376.285
383.854
-123.731
838.327
629.638
-484.515
692.863
-521.235
1102.01
158.697
566.327
-723.435
1189.48
-188.417
830.224
-276.193
-261.294
503.341
97.0603
85.121
183.165
403.783
-1542.45
-780.633
-262.646
221.426
-216.44
130.643
140.377
-669.237
-22.982
214.415
-422.066
-162.39
-380.606
459.899
-407.412
386.096
162.891
1249.74
-881.636
-479.237
715.238
491.176
-447.766
367.331
125.95
-477.354
499.217
222.119
744.651
301.025
-183.79
275.987
-644.911
-554.881
-377.535
-103.185
-778.688
-779.483
788.958
144.639
-392.74
63.5024
-187.293
-240.726
-694.703
-597.854
684.495
697.932
-878.135
44.4135
48.4471
238.31
-463.185
384.205
-670.918
-152.179
-18.4584
-316.892
798.63
154.802
560.821
-973.378
1467.73
367.223
1462.53
685.391
526.38
31.9772
127.959
-506.4
-34.4023
951.835
381.677
-175.767
1051.44
-533.476
33.6543
618.812
627.277
-545.16
-728.655
151.712
99.4989
1582.57
-1091.27
-126.962
-726.932
564.126
-279.899
732.944
-1401.23
1231.76
-129.561
-95.1021
170.132
864.078
-451.903
429.444
251.95
441.623
-840.639
-60.2754
-328.498
843.134
-516.943
-565.368
660.672
-312.862
241.671
-438.704
398.087
-332.986
1049.22
-471.466
-1219.16
-228.267
8.61561
464.784
-1555.31
-819.965
-1016.92
266.083
1032.56
-217.951
-17.1342
-1062.93
-842.322
-715.401
720.476
-499.767
131.258
-653.877
241.542
-134.234
-231.757
7.61109
-569.558
-914.717
1078.18
832.289
-1335.69
-662.951
-254.236
886.642
1047.03
-292.355
234.163
-673.966
620.521
572.981
-793.05
-289.65
-217.874
-458.581
-1048.59
-66.5266
-445.761
291.534
919.995
-584.654
-92.8148
-566.509
-882.468
340.95
649.63
-354.017
17.9732
-487.744
75.1059
-330.968
-79.7408
-503.004
-99.7951
57.2281
620.818
-717.652
-1475.99
-25.7607
-777.498
166.109
-553.599
571.009
-526.522
504.23
358.69
-23.7412
-291.59
-381.718
81.6159
714.85
391.03
-335.481
1082.14
192.832
1066.36
271.41
391.898
-88.3526
-176.84
-85.2342
-1290.01
-990.029
-1424.07
1921.05
-864.456
-205.247
-713.627
185.412
-227.68
-653.159
-940.339
-92.7595
-247.056
-531.313
124.271
235.773
-272.398
401.27
168.002
130.22
-92.9639
-71.2016
-1002.5
-1226.32
-715.623
344.525
619.495
641.042
386.395
496.865
-246.883
-348.28
-85.0391
350.118
-205.036
-1034.71
-1216.9
-111.449
586.777
-189.402
282.967
-1107.54
-788.139
-336.297
318.731
-1347.8
22.1206
-218.255
-82.0297
-639.221
-748.129
-1321.44
-128.008
101.523
224.623
-185.971
584.74
644.951
-628.872
-214.277
-569.966
-460.652
-963.824
1301.64
1499.24
552.993
-79.0069
362.397
-907.069
-673.268
374.335
141.738
-928.472
455.286
376.808
741.851
699.743
-966.473
40.5033
342.237
-1272.35
-741.474
-176.574
-1057.89
-1249.69
-855.892
99.2017
745.443
-651.449
-308.044
-147.563
-237.621
201.479
-109.346
-280.902
-447.168
-659.429
486.377
987.477
-779.392
-461.199
57.9978
-256.451
54.1208
451.908
-186.243
-33.9167
-738.887
-645.944
1074.16
-898.056
33.0332
-277.258
-333.689
594.435
183.609
-340.289
-288.588
325.764
-1524.08
-880.894
752.499
898.892
-498.043
527.157
770.622
1011.09
-566.364
-929.603
-168.384
293.433
-169.202
-78.1602
-114.877
-55.837
-201.446
1146.88
-212.028
1201.67
969.551
-550.948
-67.0808
21.3267
92.6005
-666.227
1362.86
-443.55
-361.285
16.7904
427.876
517.906
594.005
-63.4178
-304.868
55.8189
-320.58
-95.5913
607.119
-677.98
190.466
-511.256
-249.742
676.316
-263.298
-1462.1
-456.235
-288.181
97.8206
12.2092
747.409
-543.433
1018.01
-50.7081
1215.59
-361.997
457.875
144.313
-1356.07
-516.85
-196.177
177.786
753.603
-329.112
-147.828
49.4749
148.974
-254.691
-440.994
578.834
884.92
394.569
-548.409
-940.88
-228.875
-620.481
-36.0359
1062.62
383.939
623.862
221.627
-544.689
-362.855
116.239
-274.287
-321.948
914.631
530.526
-706.387
427.212
439.426
353.549
-862.776
776.725
-694.267
770.999
-99.2927
958.697
740.975
-13.2127
234.506
507.585
507.789
186.337
-251.051
539.168
-349.325
-758.702
-1102.19
232.62
-518.834
-697.673
-387.597
104.355
-777.875
355.95
1630.4
360.887
-656.479
-600.873
753.901
293.518
1029.74
-121.894
1300.97
-82.6437
1214.46
108.238
368.837
-254.046
-1045.2
722.061
54.1531
99.3159
530.96
180.489
-1310.46
211.189
1328.44
-1058.55
-424.57
-460.244
-320.904
535.277
190.201
-90.6683
643.877
899.914
-133.012
-433.537
468.737
-107.085
455.665
-259.04
1402.44
-434.201
-480.833
259.083
409.719
9.04625
-602.741
667.336
-319.295
1308.98
-748.992
557.364
-949.033
-146.626
868.591
-474.524
1197.88
-935.551
-76.6237
-525.978
-169.518
-744.942
-69.2366
500.332
-605.542
-235.893
-415.262
-405.208
58.2068
-302.662
626.428
-18.268
1332.41
106.717
659.763
-100.904
-245.977
126.693
393.358
32.9498
34.9758
1744.07
69.3988
-257.322
-232.547
277.655
-170.832
253.766
787.058
606.985
831.867
365.057
-904.723
-62.0975
-494.564
-588.945
-712.351
-842.097
195.307
689.586
-84.4575
112.544
-890.955
642.567
1474.65
-350.385
-616.872
452.602
708.769
131.571
385.125
558.865
778.844
-605.904
-229.095
276.983
1072.12
-916.403
77.5395
-509.818
-10.4401
24.3727
-574.949
699.279
-442.771
-639.194
679.798
-1033.21
-1297.28
241.764
-413.173
-606.229
153.888
351.791
-552.737
866.004
-1042.81
-760.689
732.44
276.963
-258.581
-984.977
883.374
-197.611
84.0615
-150.758
-880.231
-454.868
325.732
627.938
276.164
1120.96
-833.422
-63.7533
-135.953
703.213
164.652
120.667
-457.627
-275.647
-809.157
198.48
808.414
-171.146
-42.2815
926.975
265.353
-694.908
122.669
119.463
-143.587
1221.26
795.972
222.066
-350.105
-189.348
-1067.49
-171.603
-50.4106
-1038.14
-298.275
-187.157
-781.064
450.01
-269.075
60.1043
893.701
-819.995
-159.128
-74.9544
718.209
-992.565
5.41477
-193.141
388.81
342.148
401.554
772.607
320.343
-313.948
1095.5
-581.802
-97.5089
-1562.9
143.683
357.301
441.514
180.523
46.282
-234.894
-565.793
912.093
67.517
-1146.35
-356.174
78.617
953.554
-1729.26
-79.5904
265.718
-270.67
-72.0446
239.132
538.041
-632.474
240.857
847.166
-459.106
-1185.82
613.065
1444.99
888.614
374.138
-523.098
1161.5
561.057
-543.618
344.86
-261.641
-501.685
-1160.69
893.816
-9.61991
1225.6
-216.705
-491.449
-993.042
489.953
-379.994
-380.708
159.603
-1245.82
-274.523
474.773
408.038
578.146
505.654
19.9712
-174.048
10.7495
-56.2489
125.164
-261.919
-269.561
310.036
31.7806
350.556
90.9014
-783.72
346.399
-1088.93
-240.666
-464.175
-314.66
71.7962
589.626
-200.225
-600.39
422.276
-43.033
1050.71
-160.616
-556.791
781.576
119.014
-1231.67
1065
-37.2724
-359.557
458.076
263.404
1194.29
-21.0442
-1044.02
-26.5309
936.538
181.655
-438.655
48.4819
-717.325
-311.04
-596.214
-249.932
-172.939
811.497
447.937
62.5016
-172.625
-869.858
-148.643
72.9536
-610.537
-1182.48
620.745
428.014
335.05
-83.3595
-883.316
-326.879
-204.706
1086.94
1014.96
-250.892
-432.529
-46.5565
807.288
235.942
-414.153
-8.34598
893.795
75.1625
-313.254
522.581
-261.564
203.883
-861.945
916.386
-306.259
-493.296
343.847
1039.31
1193.01
-325.186
1347.22
-1473.44
-1170.2
-442.578
29.9237
785.532
1307.59
297.53
-512.318
315.592
-89.1889
625.18
-208.915
349.047
-681.284
680.045
398.58
348.158
871.151
789.923
-422.809
753.06
709.822
456.529
-220.664
-301.461
-521.493
-77.8995
-82.6312
841.513
661.735
-924.327
509.7
-874.8
-208.132
-282.089
-124.737
-83.1092
-917.818
-320.407
446.998
60.5583
-647.57
-79.7879
19.2885
-262.624
165.684
-501.305
63.706
-511.116
-697.69
-1217.82
559.976
1346.63
295.193
-449.727
-417.633
-111.906
909.408
172.096
-1525.34
243.789
-946.016
481.095
-914.391
115.623
272.853
-471.917
-709.113
-428.457
712.269
-1697.04
843.43
-42.8194
167.958
584.784
118.09
118.096
-54.6174
724.039
250.784
224.974
-512.744
-587.345
-348.28
-778.255
22.4785
-165.711
735.746
-83.3882
-308.076
-747.072
491.766
-1242.54
-446.543
-858.149
947.198
104.703
-17.9863
-295.397
698.007
1047.78
-99.4055
-586.223
-394.642
385.645
-570.875
69.4017
418.806
-232.748
-390.956
367.275
-882.746
865.097
-503.483
456.948
-1072.12
-792.775
336.482
822.027
82.7632
-78.4858
-679.541
170.747
-299.932
-1174.96
-381.811
-72.8837
-117.315
-479.999
498.942
102.091
-1165.62
-520.969
126.566
24.8718
170.048
999.614
227.943
1311.78
787.201
600.674
545.173
-264.83
-707.372
678.819
441.866
-345.013
-453.279
951.284
-304.3
-560.016
-956.536
-728.143
-309.001
-718.249
-955.529
-696.186
467.359
120.153
-564.556
-306.523
-77.4333
-686.02
-510.946
-402.073
-192.564
-364.96
216.067
-860.254
502.783
638.987
1246.31
-52.6532
-1155.92
311.88
643.711
-503.767
-121.507
-292.176
906.33
-760.361
-1343.35
-565.719
236.074
-281.578
-466.134
204.337
81.7167
-1282.98
-1219.56
774.168
-653.671
-1138.5
-889.284
-446.531
336.684
583.248
-702.791
-609.676
-579.295
-715.476
-511.837
-645.852
-989.569
767.841
1143.77
236.896
-738.395
-89.0895
572.894
5.256
125.219
-1198.4
328.385
-292.127
117.638
-818.976
218.19
249.524
420.059
-262.335
-64.8938
939.726
-970.737
-875.658
-476.286
-995.938
15.9478
176.76
-613.045
-875.374
-259.143
-142.215
-857.187
-209.94
-53.9119
-966.383
-90.8321
962.661
-704.726
-85.8663
-527.825
-821.554
690.737
1211.66
-896.565
-1334.93
-3.10945
-459.101
248.259
-114.892
105.92
367.045
199.29
1459.43
1332.01
197.463
345.348
685.024
-928.954
28.3605
329.852
185.176
569.693
-38.024
347.926
92.0987
-444.531
-136.075
406.377
-128.005
299.949
-689.505
-7.34538
-297.868
-704.284
-201.764
-444.209
488.163
119.038
-482.484
-776.034
1486.42
-535.421
236.739
587.08
-375.775
147.84
1063.23
82.3197
1025.71
-92.4404
217.6
222.405
-284.292
216.683
-911.67
167.83
-1382.34
488.515
-342.944
18.1934
130.905
-1489.5
1361.52
619.924
-117.37
-2152.78
-94.9062
-487.325
-317.255
-493.437
-761.896
716.687
-474.664
-244.606
-1626.92
-399.81
73.2969
137.009
-1013.69
147.154
433.616
489.514
266.447
-740.924
-278.988
748.208
-3.06798
-34.3297
835.902
312.915
-437.74
-349.664
-39.0802
603.895
335.817
30.4962
-140.891
-73.7307
476.454
-240.034
-776.768
-592.253
172.668
247.092
-422.269
898.946
-988.556
1028.91
-241.257
-618.336
579.912
422.809
596.933
-153.831
-1061.37
496.749
-56.9227
-50.2932
319.123
-345.845
-236.989
95.3994
-782.62
410.612
1989.58
-111.784
341.505
-354.447
934.706
27.8049
46.8724
-336.523
409.483
-118.199
762.366
803.493
-329.373
-473.014
-840.63
1010.01
-1297.29
445.89
-235.842
406.946
259.057
698.969
717.54
742.382
288.474
123.534
784.35
-171.947
-1184
1008.29
1059.17
152.038
-570.259
464.102
498.093
-16.0689
936.214
-446.952
956.352
-442.831
1308.24
-1149.65
-390.554
295.271
743.041
-625.334
-51.9532
272.84
789.973
92.6943
-1068.08
-316.379
-461.937
457.742
591.841
299.993
714.583
-385.775
-67.5578
-119.088
295.722
8.20569
501.386
504.436
1056.16
269.779
-905.68
319.439
-874.171
542.834
519.919
478.554
-511.842
-1509.95
-1436.72
243.078
-760.629
-698.739
-887.348
317.692
-85.7527
200.236
-272.031
319.524
337.124
-693.56
936.891
408.932
-343.502
-449.354
1142.57
577.431
784.187
131.528
228.631
229.304
-992.499
732.571
649.705
41.3763
-717.89
985.872
-483.108
-966.423
447.595
-468.606
164.719
-1781.48
-1535.11
-556.381
48.7722
210.062
335.418
26.7783
-905.849
-158.575
-121.306
412.706
267.805
241.911
-690.942
1120.06
1570.51
716.201
174.978
-98.7932
-338.012
-636.409
-716.981
769.278
331.146
-277.167
529.15
149.768
-407.351
177.88
-504.85
-1019.98
-1052.29
-93.3002
-370.835
-354.203
-177.427
453.576
142.356
855.005
97.1129
642.459
190.691
276.702
-1215.25
541.405
424.644
-240.901
834
-287.215
274.661
343.705
1240.73
-135.426
-881.285
845.024
224.404
985.749
670.365
15.6853
890.871
-441.919
-313.165
432.805
1199.71
-457.694
-10.5153
-623.078
10.0637
-339.761
-406.134
-625.686
1532.75
224.403
119.887
-18.3216
-56.708
-539.968
-213.924
-808.67
213.684
-204.076
-858.325
-453.852
1122.55
91.6974
-999.245
-464.383
-711.207
540.008
-619.332
109.36
-907.955
239.675
-1253.76
257.182
-7.08203
-311.2
476.362
91.5602
726.534
-848.291
-563.553
-290.112
56.6636
420.835
-249.326
795.117
-475.055
205.413
-468.3
-524.652
-632.122
-149.876
-1595.33
-420.809
-648.597
-686.893
173.142
-823.877
-111.98
-1287.76
227.142
-405.166
182.519
-34.7266
995.814
-115.413
163.688
1402.26
193.148
-1187.17
-647.407
364.546
1422.64
582.08
607.766
-415.71
-60.4329
340.883
-442.64
233.11
-1273.99
317.27
260.838
-354.362
-1025.77
999.41
341.372
83.9304
-1072.43
76.8976
-442.105
-886.224
-336.164
431.16
501.968
-544.29
-724.39
-83.5911
489.087
347.988
-30.6306
429.983
-189.359
508.959
64.9327
629.09
-987.819
-142.807
596.496
-86.287
651.68
1364.04
448.665
386.338
-621.229
-437.523
-312.547
-577.906
94.3918
593.135
1106.39
325.753
543.397
-1400.21
-72.7618
-524.054
33.4892
-576.953
641.554
485.481
-421.253
732.934
113.762
174.984
-71.8887
427.26
-45.3645
-266.895
-1659.61
-62.0998
158.779
769.012
-53.0396
-130.185
1175.6
-206.192
659.656
561.438
423.945
-676.469
-117.666
-89.2238
-434.982
137.465
218.015
341.628
-1372.44
-1116.1
163.86
-175.409
-168.924
-30.7158
-422.685
-698.958
-56.4404
-518.19
553.028
-429.74
-589.844
346.598
85.2084
1045.98
-43.3276
66.2024
-471.752
-94.5716
596.473
34.6239
275.874
-121.089
1612.86
979.229
350.327
-135.426
239.857
-681.554
-855.794
-500.218
382.212
-381.512
-139.69
-324.75
-1185.96
-1140.88
410.508
557.224
-411.871
-550.186
-953.681
232.958
-408.576
578
190.227
1000.87
1114.15
-55.2986
-76.0711
247.977
202.746
942.414
836.656
248.841
-457.444
26.0095
-635.972
610.673
183.162
-325.08
-1271.83
-451.904
-115.262
621.084
-1185.32
-437.858
-698.052
-49.0098
386.87
-61.7435
330.135
-248.695
626.727
-58.3318
-790.51
161.097
-153.459
227.745
-8.72246
842.577
-73.0611
-380.099
-53.6253
929.945
662.068
317.942
-303.708
679.781
1071.53
-61.1544
-428.093
679.709
887.513
-303.016
96.9374
682.361
633.042
-386.585
574.85
114.096
-844.242
-1019.94
-64.4607
-73.1909
1112.59
-129.933
8.82203
321.962
168.84
-77.2148
648.692
1356.41
-442.14
486.785
-409.567
848.677
-312.654
-258.437
373.645
-379.478
-452.316
-653.292
164.554
-35.8148
-725.321
-629.223
62.5851
-304.45
-414.494
-214.863
396.411
-654.543
39.1642
-1199.52
-34.0515
410.474
24.3678
216.311
395.782
72.7385
293.09
-227.66
-1196.56
587.025
540.773
-25.6052
579.763
-883.406
-454.435
126.354
-1675.47
-918.683
-464.656
-850.295
-10.228
-376.614
-89.8467
888.892
3.84392
-196.672
-914.991
132.633
-627.196
-13.0144
-314.25
1034.83
652.093
376.174
505.581
-213.52
62.357
-88.3411
38.2527
199.125
57.1791
370.812
701.435
-308.626
20.2276
122.533
-658.553
-773.507
-401.887
-654.662
-1297.07
188.655
-696.247
906.764
534.745
-918.833
-494.796
272.604
285.722
405.246
953.603
-556.049
-26.9048
-113.43
-386.908
-611.22
416.111
398.67
1036.75
121.362
-171.231
-703.879
461.012
-465.951
-490.482
13.7386
62.8955
270.941
-390.186
738.953
-1205.39
-301.988
-463.008
-675.157
-319.57
-218.508
-63.1335
1166.22
811.039
480.288
-1055.08
-925.111
-434.221
854.42
-292.166
452.756
-548.577
-456.481
284.754
870.185
-922.703
902.465
96.8776
277.221
3.26058
564.401
-610.94
208.234
-1094.72
-195.135
-311.265
-473.036
181.988
-294.701
569.217
-1235.6
-6.50533
-1356.83
-163.65
-152.452
-83.7405
103.104
521.531
-388.217
-93.2521
243.821
-498.332
-1076
454.55
-249.055
281.827
-452.619
-39.0258
-50.4193
602.193
606.182
128.827
393.841
-1494
-1140.59
418.073
90.9726
349.758
-68.3339
-301.795
142.04
70.3434
-501.021
249.63
28.3233
-1139.4
-12.3857
423.034
365.877
477.3
-254.432
-107.708
185.141
344.537
-284.905
-402.044
-246.039
748.372
791
-378.235
-403.237
263.606
-56.5162
-76.8244
540.305
-668.071
163.284
-630.431
-1197.48
-510.759
178.644
-21.5479
-726.51
-116.296
658.566
15.6923
168.017
400.671
-371.861
32.8141
286.166
-841.262
390.36
920.994
-47.3454
-453.014
-129.129
-854.819
-18.2491
-1498.95
-752.061
496.649
1211.26
-993.918
-702.769
1111.48
-59.0483
906.162
-755.271
-280.224
287.486
-139.196
-127.994
-179.475
1224.77
-203.778
2063.91
122.095
-707.757
-455.657
-342.621
-856.65
-9.08537
84.9754
297.247
575.1
559.28
-383.954
192.191
50.4465
-208.131
147.647
316.96
-3.52331
1102.14
514.209
774.784
568.244
19.5911
401.547
543.973
635.832
475.961
-944.545
-632.114
259.364
302.274
-228.578
191.844
-42.6396
-239.795
-185.861
-516.66
279.359
-754.048
890.49
-675.081
204.445
-448.003
1134.92
-459.849
305.476
236.438
-535.974
-310.112
-330.367
-922.86
1037.96
652.511
-275.395
77.6237
-555.621
847.433
214.927
601.067
-1582.18
538.625
-16.9598
207.863
-516.025
-488.38
-63.2339
-711.747
-136.471
727.143
515.381
388.459
-299.331
889.138
115.269
-48.2384
736.919
-458.769
195.113
1033.05
380.084
-122.1
638.363
476.427
-449.293
-119.881
-269.403
823.653
-186.147
411.653
-47.7568
-208.108
599.051
195.435
54.3822
-748.863
-1063.29
-738.523
507.332
-520.298
410.256
2019.25
225.749
-1471.1
-81.1378
243.068
241.682
90.5763
1284.53
1100.25
1210.36
50.2241
200.07
474.02
-543.445
-1333.72
-328.528
1380.19
221.544
340.836
49.7804
142.944
-10.3594
-717.041
1203.47
-216.26
-651.044
-2190.95
-808.673
702.959
219.368
-708.877
-1615.58
614.549
-180.767
392.05
-15.8813
610.587
226.607
411.738
68.631
17.2515
846.415
773.888
1132.78
791.203
-1617.55
740.812
-397.292
-97.59
-540.338
721.876
90.8326
277.033
-504.754
714.113
367.017
-360.125
137.627
-538.566
-1303.45
-82.5396
-85.756
-607.463
-1087.25
1519.15
-675.075
-420.556
113.542
-228.804
568.771
-251.953
50.5163
-717.132
478.059
-335.004
573.389
191.965
305.1
127.039
-705.141
413.001
-126.856
273.048
481.134
58.1066
-207.275
522.8
13.2507
-178.829
-950.624
407.341
1387.89
-553.506
128.581
-348.137
-203.146
632.65
411.355
-1344.18
298.015
1252.22
-61.6745
639.49
878.974
-292.767
281.8
-381.486
-766.864
-722.743
807.541
-1302.28
717.573
-1517.24
-684.612
-527.678
-170.829
115.374
152.066
1041.26
-60.2877
-243.355
559.381
566.865
-249.903
765.627
54.2259
251.865
245.605
105.439
-396.43
252.5
-1071.98
18.2351
-616.587
-51.1241
-1605.15
-569.867
-1377.3
-222.599
-605.276
-410.113
-656.719
-1058.02
916.773
-1085.38
-948.002
-587.89
280.409
747.143
-649.526
323.766
284.355
-291.681
655.239
-61.8021
82.35
-587.999
440.538
2.66043
-597.892
165.297
-78.714
363.01
-590.527
337.797
-565.38
870.799
-909.726
-596.59
200.645
-931.645
32.0864
452.263
57.5406
-118.309
-963.802
523.256
-68.4392
360.345
-672.325
104.486
-485.563
-207.137
-297.978
48.3584
-25.5677
436.027
622.766
-42.1777
-808.098
-477.502
673.61
312.03
-90.5326
-737.149
749.863
-924.821
16.2352
468.345
150.421
-621.358
200.909
510.231
66.1984
-992.638
-220.382
-749.28
-788.782
439.11
-103.756
-488.449
-803.297
-214.841
-1303.24
-334.21
127.593
-467.519
145.084
607.097
-583.9
-428.775
-859.78
-203.457
338.696
579.024
-1079.12
1139.07
184.882
-168.482
258.937
-6.87359
209.831
-223.571
69.3425
-492.498
357.194
-618.394
461.994
640.03
1084.68
-720.55
-429.862
834.123
-314.046
-596.338
-452.794
-38.3836
-352.51
1820.3
-544.976
-555.243
19.8364
277.331
-738.198
-1160.81
-989.636
129.728
344.416
-297.743
362.896
-185.47
-546.877
196.827
797.001
-849.819
-424.876
429.2
947.063
134.917
-586.198
113.147
942.311
-407.094
-959.117
1181.06
-190.673
-369.432
-365.858
77.5584
-424.878
-1060.62
-59.7558
-1081.03
406.505
-566.209
-125.318
-516.835
529.652
-1338.41
205.93
-919.284
-34.7613
173.544
-123.124
21.7374
86.2937
948.172
369.119
-706.046
-745.09
58.7903
798.63
554.899
-594.821
327.923
-1822.42
-307.949
-365.841
799.563
-485.872
1069.84
-1119.49
140.171
-132.661
-301.093
378.524
16.1629
-989.933
-447.788
-713.537
269.685
344
281.801
394.979
296.657
-84.5152
1243.59
-1188.98
-205.196
396.271
537.317
353.062
-74.0793
419.157
-36.7424
777.801
-415.026
-709.791
-337.876
-503.435
-471.001
353.106
559.61
-333.891
390.805
-1645.03
217.304
569.005
387.471
176.098
470.271
1164.41
381.598
129.05
-349.479
-763.493
494.195
1256.45
670.752
284.577
391.76
660.146
712.2
60.7733
-1540.49
-468.053
-368.575
520.925
249.046
1574.41
936.324
633.393
-453.734
720.024
-591.585
-881.613
-379.847
66.4422
355.628
-40.6217
-82.2725
431.825
-636.08
244.205
-1344.88
-154.325
-1160.86
-781.836
521.78
-949.958
481.315
-690.358
410.014
39.0731
935.352
-544.697
194.869
-105.849
-362.422
629.3
-1011.8
1118.3
-545.771
-1354.69
514.713
433.91
-55.5177
-473.992
-306.789
-725.056
-119.45
-906.994
111.575
-400.81
-35.2405
-714.832
538.919
131.029
201.023
-426.395
-355.236
-181.491
-472.108
-72.7906
502.784
-211.759
-848.076
-138.597
663.53
-322.431
357.212
466.598
464.244
-133.719
308.158
1448.43
-144.174
-79.2461
-816.419
123.436
940.585
-406.936
160.17
828.491
259.753
-655.653
-204.232
-205.209
880.975
-280.252
-237.352
43.6499
31.2316
871.563
-435.34
-898.792
-194.654
-11.1067
-823.319
322.298
-1262.8
353.57
-179.418
-1396.04
-138.95
888.038
932.284
-57.9523
632.396
-152.268
-146.486
141.281
436.248
-580.506
721.308
-882.167
483.959
332.671
736.595
-283.667
330.833
-129.049
-72.3677
-343.707
-310.921
-453.048
-1604.7
322.971
203.209
-392.681
620.069
886.38
-778.141
-641.822
-18.3877
358.517
497.569
-765.231
-144.29
352.427
592.49
1069.07
213.641
535.098
110.239
-924.017
-64.9351
641.654
-620.963
-322.314
1363.07
715.931
-248.571
-83.6114
425.647
-393.197
710.114
-149.4
122.455
0.588966
-719.882
-509.196
-708.702
-705.778
35.9127
-119.964
73.632
-197.4
-1031.56
-264.441
-499.308
142.034
-930.823
-402.74
794.388
41.6872
117.588
279.45
-546.125
-242.81
44.5634
-756.843
203.237
-396.742
-1371.93
711.915
197.578
519.747
602.257
81.2799
-541.983
-45.5671
-676.837
39.0814
-315.128
164.236
161.528
-140.111
-51.265
-605.578
239.995
51.4493
-1747.18
-649.702
44.233
-208.77
-60.5667
7.89854
-852.691
-649.931
552.915
352.276
-1395.7
-772.611
564.839
-309.371
289.191
409.848
256.403
-295.14
515.438
419.36
832.005
478.379
-159.912
451.076
828.792
368.079
35.96
3.11026
-167.092
-218.138
704.926
-997.798
510.575
-2285.93
1792.87
-977.57
-998.644
-89.6003
1945.05
271.286
627.772
318.387
-793.047
-95.2294
-1215.98
-51.1022
1017.42
660.3
694.066
-399.58
143.329
427.707
-50.2721
275.63
570.009
748.899
1209.28
256.976
-212.963
1490.62
610.936
117.465
-417.967
168.993
110.987
494.993
227.461
951.303
303.574
345.261
-648.311
20.2649
-387.116
49.4358
-502.833
-219.137
-502.4
1007.6
-1299.52
-236.698
95.357
-1378.1
848.289
122.15
382.463
678.861
726.74
334.937
-576.258
-251.86
-91.3323
359.191
-331.994
-187.989
-362.43
-479.225
30.9908
-644.975
351.296
-1225.69
-423.396
-143.63
21.0966
-386.257
1014.76
298.242
-429.268
-372.518
132.101
-213.762
-406.08
-522.82
-14.6112
673.699
-440.741
-106.782
1035.61
83.6901
-301.551
587.033
1088.63
303.799
-944.885
-162.407
540.842
124.239
-678.204
399.308
-218.742
541.151
-451.183
424.666
577.899
-785.928
824.636
76.1654
266.497
780.517
300.581
1501.24
1161.77
-573.973
-451.795
-364.858
-19.712
316.924
751.03
52.5631
411.483
-597.89
605.632
849.821
44.2171
-1276.01
-47.8601
367.627
-823.169
231.742
363.386
88.9188
-61.8646
864.494
358.328
663.062
695.75
481.023
734.995
-1077.3
-92.5419
237.977
-52.824
183.625
222.051
-161.637
233.356
-1247.78
-64.1339
396.446
226.735
-302.612
1189.71
251.847
-403.315
317.781
898.032
959.26
-795.216
419.988
-523.318
1247
-502.004
799.122
-254.861
-1062.59
900.951
840.312
659.135
-941.173
488.517
378.555
1460.46
-351.47
964.456
-558.829
498.492
-235.541
-85.3434
708.828
704.285
-298.389
-70.215
19.2522
76.708
295.944
-503.995
356.653
-290.365
-456.231
299.447
-126.032
368.025
-57.3338
393.217
-389.579
-525.993
767.739
-0.869442
-1263.76
844.67
194.319
-927.7
1203.03
-714.405
-315.52
321.385
-601.979
-1176.83
-177.161
-601.366
229.013
-60.2173
348.801
-227.106
-88.1394
-78.1393
-209.663
537.731
-77.0455
-528.804
144.804
21.5647
-36.7114
2.0411
-986.62
-708.28
1105.54
-773.237
96.6163
-548.289
-171.166
251.573
94.9751
-35.9377
224.759
241.998
-640.412
-885.479
144.085
-783.915
638.404
360.888
-468.954
-239.193
-60.816
84.3643
-738.09
264.859
-763.528
169.318
-36.6733
780.688
56.2717
793.382
-941.239
-1258.84
897.442
786.409
-195.657
369.261
-75.749
143.327
-79.5788
-376.055
-712.094
171.262
-174.279
491.699
-24.7668
437.406
852.888
633.171
-934.835
-1047.73
-261.991
359.118
-237.435
892.391
478.491
-699.736
317.115
657.561
-110.298
374.12
-1184.07
77.9558
1522.94
-847.386
1334.29
1097.78
-239.911
-1248.06
-627.6
683.1
-709.521
-821.208
-960.118
2348.07
544.46
-658.009
-893.52
71.847
-401.759
-314.906
814.395
425.976
-217.678
-73.991
-237.051
-916.483
-188.582
-88.0112
-714.581
-262.153
155.608
-462.98
140.139
111.892
-561.794
-585.427
14.6572
-980.97
-655.791
-538.354
115.622
-895.862
-56.1701
-79.2545
-460.124
-1140.51
-179.185
-907.868
-1178.07
-342.5
595.18
1386.36
-590.643
-704.539
-923.063
-1884.55
223.16
494.755
-309.259
-613.024
-863.889
-201.201
-47.556
-32.2772
-123.303
623.324
224.166
-247.332
-202.483
601.173
-864.185
59.9313
649.464
31.0825
-100.595
-231.481
-225.608
346.278
-529.28
-1158.92
310.412
706.862
205.342
261.375
-433.484
750.265
70.9579
-254.922
-672.403
-1785.74
-758.745
285.99
87.6096
-177.767
-462.581
87.3006
1329.21
61.1665
207.677
144.948
-439.653
-572.31
-350.794
-256.394
1268.51
131.114
-180.859
-503.238
-526.98
-875.101
-347.889
603.104
82.0127
-1964.85
-36.6767
941.069
173.477
-27.0563
648.127
279.62
-1077.4
-116.218
-67.0035
-13.6231
-1394.31
-8.08212
1248.93
-29.8518
-819.728
141.654
-625.393
-818.967
1067.52
-51.4121
-330.356
645.348
-1629.43
1091.23
-652.415
154.803
47.4956
1069.49
-411.314
231.676
745.237
944.023
-529.193
-929.371
492.184
-903.438
-222.317
764.724
92.0554
548.666
-328.968
342.329
270.975
135.147
-420.515
-498.37
-177.883
16.4155
1871.65
-388.1
-160.425
-359.388
1279.78
-1178.75
-348.576
-526.843
-1082.79
-60.7752
-1082.14
99.823
-118.184
-221.358
-1000.59
704.032
-692.199
35.6974
97.6756
-86.52
188.022
-51.6715
945.384
-244.134
77.2575
481.923
-821.919
255.479
-741.036
816.646
513.598
-923.251
-595.979
-159.883
461.717
-1782.71
-294.967
-382.122
387.597
-174.38
42.6026
-641.325
-315.862
835.028
-478.282
614.218
-468.375
-85.3098
46.2882
-642.312
-163.136
-470.693
637.709
332.04
1049.67
-692.04
602.809
-133.316
261.458
346.19
-261.415
186.934
-311.824
-82.1445
65.2217
281.778
223.755
671.05
-939.968
-725.03
-280.707
-988.035
568.956
-631.074
-252.634
1026.91
769.516
340.827
-307.097
-187.585
-400.254
-140.439
696.25
-312.167
229.848
-707.276
268.287
942.93
355.409
782.948
1312.92
1332.92
-1639.46
426.691
-275.159
959.153
-832.784
197.029
652.135
605.809
-67.2544
504.884
406.984
-484.929
130.881
-833.189
-488.189
-378.255
-306.504
518.319
-417.114
-46.694
226.637
1254.65
-786.631
-17.1972
-1149.69
-80.5089
560.705
359.487
-43.9598
829.779
38.7
-586.843
1163.59
345.839
147.309
-395.224
-29.6385
-189.699
425.981
-1263.97
9.4089
-1370.58
836.668
-262.651
647.855
-639.24
-472.462
448.733
143.06
-2009.91
-1436.39
1000.44
-761.793
-104.656
-1149.66
296.373
34.9448
223.299
-1484.8
193.013
-1048.78
-452.073
304.611
381.29
-444.127
649.331
635.602
377.878
251.046
207.074
94.7175
671.406
-550.677
434.355
937.46
-875.455
-424.298
914.197
1196.45
-1372.36
365.888
-493.982
93.5603
-226.526
390.01
-199.77
-1387.61
-1028.18
574.432
898.63
276.504
-253.038
343.319
-661.154
388.933
782.278
156.383
-205.498
362.699
-631.607
-125.816
598.05
-405.24
477.001
73.1501
-62.6206
-538.601
-99.9184
-258.289
-383.613
28.7193
-359.185
-230.093
51.6057
-495.551
-126.129
167.638
-59.1847
565.787
-237.502
-305.111
-108.699
-59.9738
-107.488
-659.289
-621.812
38.6241
-773.545
-70.3405
181.721
-49.0563
284.125
421.929
-955.378
138.61
-702.574
-974.497
907.33
487.407
256.912
-93.4842
252.286
-623.688
472.815
-552.275
687.049
-320.492
63.2238
-1264.54
386.812
904.685
286.287
487.795
-444.393
-270.718
221.74
75.0388
606.204
564.215
-703.852
293.541
520.474
-24.0988
509.541
-673.774
-290.859
300.325
-792.244
-305.902
-521.396
35.2055
-633.409
-347.949
-827.976
-69.2768
1284.64
-140.859
-321.591
-1033.45
729.273
876.319
336.216
79.6742
61.307
-461.232
-308.98
170.11
419.27
-267.532
452.327
245.848
423.101
-527.217
-43.1189
-478.399
-1127.72
-285.984
-481.746
260.347
-289.407
-372.109
-492.267
143.508
33.2137
-616.54
-548.129
-882.993
-682.442
355.168
712.32
389.889
-409.43
1606.24
48.85
-213.161
593.283
-61.8927
-566.796
275.821
634.67
603.024
296.072
452.472
609.205
-1240.5
-1173.61
994.906
185.846
-368.954
-140.495
-435.094
-436.266
-928.773
342.713
416.209
-521.857
-1796.81
93.0837
650.611
-46.8
116.247
605.564
1171.96
91.6906
-248.919
-643.619
642.852
-429.951
-164.593
855.951
-49.256
-399.853
520.201
198.005
-146.876
-549.851
1022.4
836.387
826.542
-943.219
154.821
312.028
-3.75585
14.5109
-75.2553
45.2975
-1074.99
-190.259
454.084
374.644
162.093
224.927
-263.869
-289.838
291.964
917.463
334.19
864.98
73.7283
16.1407
925.407
155.355
-542.941
353.981
-533.564
-455.185
-453.685
1607.51
455.718
-47.0226
-988.548
-298.015
-225.74
608.654
-301.268
-955.209
-315.348
-903.129
1611.3
-497.562
-673.891
484.751
-209.013
22.964
393.968
175.114
-114.856
486.203
-643.167
629.008
1083.51
-241.793
572.057
513.926
183.164
284.924
-1450.37
529.838
660.294
-719.135
-1512.77
612.487
75.2334
1435.99
772.834
-252.46
-1594.13
-703.075
1285.4
-1375.47
-786.086
-698.409
1003.66
-263.921
81.2315
309.948
1395.07
113.868
-198.516
865.836
1267.27
469.669
243.059
461.378
1439.53
1685.01
-337.965
-258.483
418.98
-168.539
-413.104
1502.24
-589.327
-335.822
-177.083
101.493
-464.995
580.122
646.158
-1694.3
193.396
532.683
772.977
-687.265
-147.565
-1065.23
-975.517
274.623
-8.69627
765.875
-328.153
-256.241
-193.243
-429.413
-377.829
12.7928
334.747
81.9252
-296.577
-900.847
821.078
452.729
339.552
-969.82
568.878
36.3103
35.0352
-750.08
884.899
585.711
1148.32
160.414
324.983
-672.835
-1557.75
-563.531
239.8
548.001
186.581
-233.059
-1151.99
-842.613
-717.908
-335.838
-312.979
1131
-108.897
561.939
249.67
551.657
-126.137
1063.21
-707.569
200.938
-288.954
-348.599
-461.044
1111.54
95.8351
249.382
598.422
-138.669
959.885
-170.464
141.114
-202.616
351.252
-265.446
1216.54
435.568
-1464.31
-314.923
302.794
585.67
-687.503
108.163
709.308
-260.579
-385.97
-763.907
308.856
97.0004
21.1086
-621.709
-145.7
-15.9111
-543.966
76.528
-465.51
-426.592
-558.616
-222.974
-23.3239
1070.26
-649.581
-786.026
800.279
261.593
1109.66
291.192
-340.671
-588.52
-230.967
481.975
-648.104
-590.11
952.642
1280.44
-63.824
-171.741
-247.233
-268.054
-109.965
-881.902
318.984
76.152
12.4683
-991.848
-375.882
317.04
-359.643
101.472
-930.589
-656.237
-639.139
276.013
-781.299
382.152
883.382
600.564
-1026.12
-1049.57
148.766
622.523
-672.084
-656.352
-474.665
53.1717
-437.416
-364.227
1539
-44.6732
-491.87
865.746
458.977
-1070.61
366.143
48.3551
424.285
-1897.49
374.138
437.387
-633.092
-863.697
-360.651
223.86
-1162.39
-944.65
-1090.98
-416.308
-6.89325
-498.812
893.197
-499.673
-908.456
-1328.96
1028.66
-30.1925
713.305
-118.876
-111.805
1174.83
22.045
1012.93
580.763
-210.418
-381.515
641.216
498.096
-1119.25
323.454
-273.398
-8.26524
-643.21
-666.299
-169.566
-533.658
229.274
-699.399
-458.284
103.516
-68.6012
-967.426
-298.668
-324.698
-883.737
-250.5
558.054
-489.639
-648.478
46.5792
933.697
446.522
140.778
-886.307
26.2803
-566.843
1237.45
1111.63
-756.431
4.15288
615.171
-357.189
-628.285
-431.735
415.115
-91.2518
-393.604
-1252.33
-432.032
-244.298
781.695
-843.74
524.438
581.215
-1391.01
-31.1534
283.837
80.0321
-541.867
1585.09
30.4294
529.694
572.655
196.517
435.989
-15.671
538.568
-211.971
284.717
-656.809
523.175
420.898
-732.596
-948.505
-371.905
408.963
-83.8579
-913.187
-800.571
88.9654
729.604
1332.49
-664.809
-664.657
587.081
928.613
-160.296
-227.545
417.273
530.663
268.838
607.505
253.063
-211.176
-1086.83
-919.447
-317.564
1257.47
-718.307
-391.261
86.6617
-674.038
-673.43
-958.529
-170.961
-303.845
-34.4492
-927.419
-780.492
-438.004
-59.6543
747.255
-173.244
-797.066
-1360.85
709.912
-1.27136
-190.769
-269.003
271.394
-269.642
58.8091
521.66
62.1084
-158.223
618.358
804.971
650.09
-95.0412
-768.76
-743.919
300.564
542.768
661.895
165.849
-687.141
215.224
507.289
34.0206
154.146
273.528
-907.123
59.3677
-750.181
24.932
1196.4
-203.919
-482.743
231.269
-102.467
-507.905
845.607
1091.59
-21.2111
-419.982
1079.58
-556.002
231.783
99.1541
401.248
460.779
-153.509
1415.64
95.1719
9.26777
-1259.45
119.689
651.573
1405.55
-608.751
333.814
1157.11
-337.099
-359.768
272.53
-426.87
-24.9005
335.687
-396.498
-318.441
478.382
661.324
164.768
835.907
-1034.94
659.258
233.867
985.397
74.2748
-207.378
-878.156
-358.785
181.802
-417.246
999.459
-466.498
-697.917
-120.911
656.048
1455.36
-874.119
156.201
80.6683
598.287
299.301
900.971
631.122
620.093
452.284
-377.381
127.469
-982.481
956.822
-1609.56
194.031
42.6283
508.218
164.401
-748.021
-735.28
-26.7585
-240.027
15.3144
839.72
591.77
-1137.74
-1018.46
-139.07
968.363
103.959
854.248
-21.4659
-733.231
-322.894
38.5008
320.94
387.075
454.152
-1268.21
-572.276
-360.383
-519.86
-245.72
-9.22082
-1258.79
651.838
520.98
-466.344
-145.071
310.022
15.5473
751.178
-874.673
76.4692
838.553
-767.174
-571.67
2009.82
-598.969
858.148
-157.474
504.952
71.3221
499.282
-573.067
-647.691
431.821
322.693
439.05
347.448
263.406
-1139.05
-663.251
-96.7566
-1078.59
260.13
393.822
221.258
-1241.68
-765.7
1129.25
407.585
454.449
-217.37
-37.2715
43.4827
-435.791
1363.09
214.571
156.689
185.577
1300.41
108.19
-737.694
130.866
-224.67
-144.569
-779.481
1506.09
-1344.39
-912.967
-704.327
-302.961
768.899
863.965
-131.924
-282.527
-184.728
-103.771
767.79
952.357
-32.6503
-455.066
-418.971
717.686
-323.805
240.764
539.376
-32.095
90.7988
1001.37
-39.6434
-523.937
158.893
-335.729
-235.854
-277.923
-5.22973
917.411
943.145
-498.816
-710.708
435.51
-808.607
542.244
-274.32
-571.594
708.254
619.158
-29.9776
166.128
768.971
560.423
-286.379
-2023.02
517.875
-187.644
45.2627
-232.419
214.67
-132.1
-418.486
-151.498
-1070.37
283.479
-212.08
0.124822
314.34
-2.76045
263.274
-864.672
-953.912
-1853.1
-276.198
-398.668
-759.208
-1083.84
-284.19
931.758
-316.674
-482.606
-157.537
156.626
-252.819
-1418.09
83.7084
24.0719
1260.39
202.798
-39.7535
-622.664
46.1595
254.636
-1405.86
291.643
647.82
-21.5104
127.242
-619.518
23.5976
-44.4262
-690.724
-813.518
344.509
-572.115
-1336.09
-665.348
-143.24
-595.384
-72.0101
1405.98
-594.585
40.255
1351.84
1227.81
271.447
239.738
-140.452
-295.658
136.371
615.549
665.685
341.683
-41.6713
189.049
420.516
444.416
-1207.2
552.168
110.908
-1553.68
-56.2968
223.074
-63.2333
-1268.39
499.019
-340.538
104.683
-1009.1
649.313
-102.659
-279.811
-222.043
489.77
368.66
-180.549
874.347
797.463
196.642
939.945
632.399
-380.254
-580.735
-306.728
-163.149
150.637
183.662
890.373
-980.58
-640.674
631.976
447.672
502.149
-396.948
452.51
153.649
371.437
-757.58
-442.718
-211.073
746.153
-914.511
224.172
923.777
-971.214
-797.61
555.015
-372.982
-149.119
-157.549
6.22503
-64.1982
-383.414
523.165
-304.782
1147.33
219.501
477.533
-1593.95
-54.8679
660.391
338.061
448.933
-433.73
-330.198
-1217.09
1306.68
-760.258
-1449.54
-669.928
1385.67
-123.344
-1031.05
-847.995
-916.682
87.9308
1042.45
98.4042
-906.517
-440.547
667.038
-9.41203
162.361
-293.834
-712.157
-338.71
-559.049
15.6275
-492.08
-293.86
543.265
702.606
131.522
-843.114
-5.19234
612.438
-129.489
305.61
-805.9
-262.695
1293.73
402.691
-131.248
562.912
-370.757
-42.1731
-805.455
663.606
-64.2251
-591.076
-488.504
141.09
-933.716
868.937
262.896
161.019
1270.43
564.373
-397.395
310.49
-441.125
48.0179
448.983
375.944
-1396.04
673.523
570.372
1151.03
-1045.23
886.322
-875.329
-204.677
-437.739
161.761
-86.9169
-110.721
311.358
-236.153
814.2
-482.541
432.373
-492.162
423.54
-1275.65
692.348
307.415
-808.479
310.538
372.228
396.978
-59.8853
23.701
761.39
-922.882
-719.442
1172.52
1175.06
35.711
172.287
-310.395
527.95
234.426
1481.8
-640.336
403.267
-278.663
739.729
-2.29863
302.878
-1096.8
-310.358
-10.4165
-521
-350.48
233.56
554.797
-511.029
-188.615
-249.704
376.761
-267.794
602.714
-1181.55
-191.785
-548.688
717.045
416.786
411.951
-393.012
-123.758
-793.71
754.031
47.3317
-774.108
361.062
336.831
-652.329
673.177
-331.654
-669.467
73.539
-783.603
-309.902
-625.456
-1265.41
-774.635
-659.946
-740.592
2.11896
506.627
296.755
-484.699
538.701
-506.457
-503.792
371.847
546.013
-845.987
176.984
-45.5674
-1754.85
-320.262
236.73
-51.9279
-280.56
-377.2
-725.778
-449.345
142.969
-689.206
-876.165
-103.628
-28.1332
570.802
-269.052
81.057
-500.634
-235.487
681.788
245.795
1090.9
1817.86
100.073
-2.52979
-196.986
490.383
1053.19
57.7323
-695.112
199.553
-182.244
-956.233
246.394
-1070.58
-1268.28
-997.498
-111.509
153.907
-561.469
63.8078
-742.172
642.385
-355.369
-158.519
-468.256
-105.802
-588.818
312.68
-193.235
504.625
1558.16
-214.376
-142.646
376.638
-982.272
852.909
650.738
698.061
333.11
200.282
32.3237
-673.579
451.981
-932.317
-704.988
-484.34
860.02
-404.908
-657.283
-817.329
653.879
201.305
-1445.6
686.409
-458.277
-98.1359
-1003.63
-277.203
-72.6457
728.985
282.819
-539.971
-206.332
-819.189
-332.792
461.285
243.011
190.171
374.312
1542.01
321.565
-205.337
-885.004
117.576
-820.304
173.211
-825.973
-656.598
-994.972
-873.996
267.067
376.862
-388.578
-903.412
-569.175
-854.099
-265.733
893.616
50.5246
-710.021
951.685
-1458.73
374.786
-392.436
794.274
-1337.94
34.5845
-1217.92
597.812
-920.415
55.3334
-572.527
533.297
-362.938
-813.354
183.128
-991.881
-646.031
-883.279
539.818
0.679999
29.188
-856.177
-122.791
-385.328
-353.487
218.698
197.341
412.739
329.855
-916.053
969.629
368.697
178.702
727.5
392.336
-799.283
1051.09
-47.0842
2.73261
253.628
-316.579
-428.436
628.811
-821.087
528.014
-673.516
280.693
-1370.15
-301.013
169.695
188.182
-1097.33
-1205.46
953.964
-48.6958
-543.231
-86.0346
1323.96
1077.55
87.0996
-385.113
-119.839
22.9412
252.566
1655.69
5.16344
110.363
-688.611
538.842
233.418
-781.796
-1106.68
-286.244
276.125
-122.192
337.267
-12.0449
227.934
1121.13
522.456
-211.994
-901.812
-56.6783
-310.133
-431.739
317.655
-114.19
845.086
-180.679
39.706
125.088
-378.647
-839.469
166.205
720.281
306.932
96.2965
404.796
-359.22
125.31
-52.1782
911.178
605.756
777.539
124.28
-37.0072
-549.149
-612.445
1245.94
271.912
427.363
1179.27
19.0523
-488.173
1146.29
-1109.79
496.913
413.121
-1381.55
-247.681
481.776
-941.116
-523.979
-49.6743
-842.08
817.297
-458.502
-591.879
-1189.84
-507.757
-229.801
-135.59
744.158
429.948
-217.989
1054.17
849.27
-8.25572
-164.497
272.57
389.349
-672.443
1209.42
-501.624
1307.58
343.247
111.549
-823.362
-124.864
269.13
-555.22
-658.687
-1072.91
756.141
-13.684
1306.94
439.949
-594.711
-94.1153
53.7416
-246.444
-382.045
639.854
-176.209
417.531
-244.572
197.638
-303.213
394.249
169.596
-96.9884
748.7
-23.0479
-739.445
154.559
1556.63
946.294
-97.8911
-51.7114
1581.81
-608.385
614.627
155.459
221.223
687.467
352.475
381.224
361.556
-141.172
445.074
427.096
-1235.62
-107.488
-677.895
400.498
616.678
-139.968
-161.932
78.1482
211.17
131.503
685.613
237.122
-487.121
-573.948
-92.1414
845.643
-323.447
-215.521
-237.009
479.825
-420.92
1027.95
-536.448
753.556
-591.417
302.259
-50.039
829.952
1067.41
570.222
330.751
787.535
-165.239
-374.246
1291.19
1090.23
-237.89
496.669
492.869
347.168
418.688
-348.85
-233.18
29.2098
202.123
141.888
-552.481
-874.318
-569.065
-510.576
267.505
-361.148
-901.476
622.048
-212.017
-409.917
-198.282
-166.116
228.301
191.415
670.361
-390.928
84.9081
68.4604
1150.41
931.352
-105.608
-432.911
-113.738
130.681
-526.141
532.325
356.584
-288.953
645.156
-601.851
763.827
-484.728
-22.6342
-334.848
-306.819
-1226.76
14.034
183.894
-1336.88
501.472
439.982
164.331
-729.807
300
314.788
-957.062
-1101.97
624.082
-4.00418
334.825
1053.56
817.16
-187.895
-361.292
711.864
739.337
-165.022
-1082.83
215.341
110.285
1299.95
61.8247
686.907
-687.939
272.563
-983.19
202.111
210.93
-450.133
-48.4759
-665.012
1497.43
-77.7741
1658.72
-378.781
356.18
-737.381
246.545
-695.39
-312.854
836.129
-264.984
-101.27
-489.312
9.92967
201.748
-793.978
676.281
-1.51479
-717.875
-486.63
402.003
-2006.73
102.287
-422.824
6.41083
-988.093
809.113
108.779
712.075
-355.67
-797.583
53.4403
-523.241
1046.94
117.357
-448.173
448.362
945.417
808.326
-348.317
-646.149
673.025
-45.3993
28.3218
-134.776
705.964
-347.405
460.076
-1505.16
-136.161
244.443
-861.91
216.125
405.13
647.507
-1017.17
-395.265
-721.106
-647.18
-376.332
163.56
1099.75
622.918
460.902
-296.71
-395.034
-611.495
236.241
364.594
-318.488
-934.83
18.9056
465.681
331.576
870.374
-62.245
-171.919
-469.739
-496.007
546.132
771.535
-171.988
130.525
292.901
-433.037
-510.911
434.285
-872.041
-147.34
-923.363
27.6261
-684.263
-1111.85
-396.383
15.8993
-721.485
-497.822
1002.99
442.651
-755.433
580.428
755.209
-62.5281
75.6637
-41.3088
-769.925
303.295
-304.178
193.753
384.191
-352.305
1063.48
-34.0166
-267.936
-610.389
119.256
-1183.1
-221.691
45.0746
688.137
481.58
1169.69
598.531
-1016.76
-217.106
-463.359
783.407
379.85
-890.6
-313.604
26.0862
-646.957
-652.816
629.351
-224.251
-313.357
-617.165
522.057
-432.903
-594.898
-392.671
605.93
-591.416
-629.653
811.195
-609.868
3.02212
307.053
1327.45
-228.321
366.988
126.664
523.248
-1241.91
-305.794
673.545
366.901
-184.122
24.1773
-284.225
-118.916
235.178
-116.377
-1214
-698.726
530.623
586.179
-846.38
167.77
49.1972
414.107
260.317
-90.6284
-1034.87
-339.702
-763.809
-11.4046
603.164
204.426
705.249
645.986
333.096
-85.0772
262.632
295.687
726.63
1233.9
464.846
-273.944
-290.576
-509.529
-1093.01
330.613
-511.952
128.145
535.905
417.588
-218.837
346.931
-588.732
-1373.52
413.632
635.266
-1188.1
-269.091
-191.736
1211.61
-284.39
-915.104
17.6221
61.6549
-327.121
-848.071
111.366
-1234.37
1047.71
1555.51
-1.93516
18.2892
935.751
-71.0871
-401.154
-422.048
-1132.93
151.824
172.48
-746.464
-339.307
887.326
218.871
201.719
485.786
467.867
555.302
-1214.8
-92.9321
221.872
-89.0619
-1010.96
1059.17
147.686
521.139
-271.9
-326.532
-84.8723
-290.974
453.682
347.942
553.516
255.533
-349.31
924.229
1077.45
-1651.97
-409.062
-13.7519
145.55
-468.326
-635.197
-446.617
358.898
1730.75
-515.5
-59.8045
32.6041
-748.987
242.857
564.746
296.755
-389.389
473.973
-907.276
-301.785
-182.113
-1584.77
-415.121
826.413
234.85
637.339
-197.306
-871.241
-461.923
-492.256
-501.785
502.668
-276.877
-600.885
720.797
46.8694
-1320.7
-741.867
-376.371
967.349
-801.722
364.21
-436.446
832.748
-171.108
206.803
-648.668
-20.047
-1047
-785.675
1013.35
-147.91
-65.8098
-366.295
678.894
-195.816
-522.528
-1024.63
872.142
605.03
142.552
-121.294
-941.758
489.147
229.934
269.96
206.844
475.714
-61.9917
-311.209
-387.965
70.9145
-103.872
94.1708
722.604
755.386
-90.5713
963.352
-1.30525
-1102
259.859
-357.005
-142.146
-1288.36
-513.941
-437.176
-39.2756
-301.112
569.793
122.207
-1364.95
-308.744
-980.622
45.9728
429.561
534.269
-944.781
932.813
169.834
123.56
443.27
1123.04
-452.818
-706.68
79.0321
-749.95
720.583
376.495
247.039
-767.17
-370.673
385.815
-594.193
-205.362
-63.6249
-200.064
-1292.62
598.054
143.613
243.811
-59.8047
-121.955
-576.095
-605.993
-79.6199
-290.535
353.711
-1254.11
343.394
-701.756
-820.717
142.693
-528.468
-819.159
992.292
-537.509
-310.893
-214.416
-157.118
-347.589
35.4554
365.656
631.268
144.605
-728.293
-515.779
-468.183
763.444
-525.786
-249.527
819.607
-745.379
-467.508
-849.028
107.368
-1209.14
457.996
-975.985
-330.717
465.241
-1105.06
270.448
-490.44
668.902
-1215.55
190.08
-803.289
-429.075
21.8468
-635.781
-1217.42
-759.046
217.938
778.832
609.446
-298.072
-235.145
781.711
-890.499
-100.512
-397.014
1196.74
-211.782
172.792
124.261
191.785
1191.73
320.668
160.107
-1015.91
32.6626
275.656
-314.199
454.369
-591.993
71.8223
-412.602
-643.837
607.06
-656.123
-158.37
-331.572
-1151.81
-0.208
54.0611
-551.058
-146.41
1012.88
-870.374
247.49
790.907
482.248
21.4083
-617.411
-306.286
-605.307
223.491
440.199
-382.214
385.916
194.107
379.098
-92.453
249.955
-1021.38
128.4
12.4926
-1046.54
-171.452
-598.76
9.80976
752.49
-1283.87
410.43
1012.78
-1289.36
521.01
752.897
-118.636
-542.619
1059.76
75.1411
1088.23
479.721
-876.915
1089.01
516.077
-980.638
-665.339
338.189
-325.103
-484.912
328.079
-78.4533
-103.163
221.316
94.4161
394.151
886.073
738.197
-872.843
-412.886
-1184.27
183.808
520.587
687.624
-658.096
355.765
663.976
-745.479
490.852
-880.203
789.533
-567.193
1570.12
-764.069
-86.9498
-349.603
-1136.9
-1067.92
-21.5956
775.498
218.565
334.907
34.5459
-284.586
27.6311
-520.871
-611.36
-200.739
-203.648
655.902
-1131.09
393.611
-773.669
-185.836
-1351.97
134.817
-162.847
-801.427
145.838
-139.539
91.4582
588.323
929.612
420.594
292.443
290.669
-893.27
366.796
15.9352
1088.53
153.998
-723.827
-612.873
-552.621
729.745
1394.46
589.257
-276.983
462.93
-737.938
302.741
-435.197
162.502
807.115
529.718
324.748
923.818
491.841
-537.85
-153.166
-566.459
1167.62
304.475
-412.261
487.144
960.428
-770.119
988.865
166.689
411.96
3.56707
110.362
-179.455
30.5196
236.429
461.444
1299.31
563.098
-1137.96
593.259
424.122
491.845
313.274
260.158
-138.24
3.21044
975.104
-207.356
-12.4482
-674.604
-1380.01
208.28
1239.68
279.346
377.765
706.595
413.654
1043.35
-1080.51
-2029.95
685.919
1448.6
656.115
-1471.04
1336.04
49.2245
-85.5482
280.11
-248.991
-743.272
-28.2357
88.2667
-502.675
1025.23
21.723
555.982
-79.0272
645.126
-1215.01
-55.2098
167.95
833.437
422.743
-6.77344
-470.294
-249.712
-47.5548
-315.956
307.471
-934.171
29.1797
364.412
-91.3769
-747.9
416.171
-446.465
255.66
81.1269
-890.109
-681.688
190.713
29.9518
53.7852
-162.89
503.096
-1297.38
-183.34
-707.757
153.279
-19.851
-444.751
1334.75
503.697
284.378
659.83
-572.609
-498.907
325.076
-22.6564
-333.403
217.191
401.649
-219.816
1303.51
-37.9688
-290.108
-717.461
1122.12
31.8272
-452.946
-677.444
354.108
469.134
-303.123
374.803
-217.681
-452.853
84.3806
641.383
-378.981
-506.404
17.8235
778.987
-574.149
-1117.48
581.77
922.68
1229.06
23.9541
337.389
-753.628
88.3931
-564.648
679.578
539.775
-39.6118
139.745
1003.51
169.952
102.732
-50.7173
-300.031
-631.427
117.526
689.003
-1233.91
463.241
-169.885
-751.989
-272.359
155.676
-147.168
-526.275
49.5553
-1420.79
438.716
-329.605
150.17
1509.27
538.061
-671.23
-163.955
382.103
-1282.82
-84.1861
720.437
152.265
-566.712
350.013
-286.29
-123.751
-381.953
1305.12
-26.3728
-118.729
612.34
745.383
298.269
-1084.42
920.396
397.419
375.526
-651.11
1186.31
-149.115
14.6314
-129.199
1054.98
-1261.35
-603.038
-440.446
-685.354
-30.8657
468.46
47.2242
-1039.03
-1112.5
-861.652
282.149
-440.368
-1181.56
74.6308
383.395
-264.811
-410.107
-455.385
573.533
-1702.12
-342.557
384.745
579.77
-695.773
1279
-155.642
-933.81
-955.433
-210.693
-201.6
-52.9589
78.6389
-208.662
-922.244
55.9286
534.349
-396.816
-478.73
97.0784
-319.772
-391.736
-730.583
-267.28
-729.71
242.027
-1007.35
-321.702
90.9337
-300.976
-650.866
-1626.4
335.229
-242.127
348.098
-1.80615
267.662
-402.547
369.255
879.889
241.85
-608.198
194.078
-785.277
947.225
929.065
-420.577
-136.04
858.925
850.299
-122.104
717.809
811.281
820.785
625.795
-561.473
-419.417
226.528
633.366
-536.852
1572.07
-865.784
-54.6063
81.0518
158.913
-814.931
-415.403
-881.012
-844.445
269.085
-611.782
-818.773
461.678
507.874
-544.6
674.251
-143.515
-549.485
262.942
930.155
-78.0568
327.88
-76.9596
980.194
13.1051
1296.04
1102.63
263.415
495.952
-815.332
-1064.89
-516.455
266.093
-337.425
509.872
-138.089
629.875
631.381
-755.289
-1023.33
-235.051
-499.997
224.829
-705.666
-161.698
-230.561
29.9346
-206.926
80.0671
-948.367
-554.009
-711.401
-761.159
-228.123
1269.51
113.357
-151.491
520.477
-601.481
164.299
206.932
386.734
-35.6246
136.493
-889.953
198.561
511.01
694.795
-732.57
443.05
-899.308
-461.654
-746.781
753.158
24.0441
-183.363
-1125.16
414.507
-24.4108
-1925.71
-201.286
-403.494
49.2259
291.105
481.523
-495.966
-235.148
-321.421
657.15
-252.546
548.116
-206.832
175.147
463.327
-485.31
145.826
471.143
447.243
388.09
1033.2
-451.216
-407.337
1471.02
-103.922
-698.302
-148.253
-867.484
274.145
449.915
273.646
-319.626
408.538
674.334
-620.786
439.316
-279.128
2.2611
113.075
1791.28
439.574
-442.66
1063.66
-151.464
-691.262
55.2815
768.97
-1213.34
-98.3245
361.439
-851.613
-622.72
-540.841
343.441
433.405
-16.818
-14.1364
76.7875
919.951
443.76
-526.76
-261.486
-73.588
279.456
1306.39
439.378
-251.788
-652.495
-188.309
