0
0.198846
0.388271
0.559383
0.704313
0.816656
0.891829
0.927322
0.922834
0.880286
0.803704
0.698986
0.573565
0.435979
0.295389
0.161054
0.0418035
-0.05446
-0.121211
-0.153671
-0.149072
-0.106817
-0.0285062
0.0821549
0.219571
0.376578
0.544849
0.715375
0.878972
1.02681
1.1509
1.24458
1.30285
1.32267
1.30315
1.24558
1.15337
1.03183
0.887887
0.729714
0.566234
0.406639
0.259869
0.134116
0.036368
-0.027977
-0.055406
-0.0444771
0.00411045
0.0875682
0.201188
0.338617
0.492229
0.653563
0.813801
0.964278
1.09696
1.20492
1.28269
1.3266
1.33493
1.30804
1.24835
1.16011
1.04926
0.922987
0.789373
0.656903
0.53399
0.428493
0.347276
0.295821
0.277921
0.295475
0.348383
0.434562
0.550069
0.689329
0.845457
1.01064
1.17661
1.33504
1.47809
1.59878
1.69141
1.75183
1.77769
1.76856
1.72589
1.65295
1.55463
1.43712
1.30759
1.17371
1.0433
0.923819
0.821963
0.743312
0.692006
0.670537
0.679615
0.718151
0.783331
0.870797
0.974908
1.08907
1.20611
1.31872
1.41983
1.50304
1.56297
1.59554
1.59822
1.57013
1.51211
1.42662
1.31765
1.1904
1.05106
0.906429
0.763498
0.629111
0.50956
0.410249
0.335407
0.287868
0.268934
0.278326
0.31422
0.373375
0.451336
0.5427
0.641437
0.741235
0.835861
0.91951
0.987126
1.03467
1.05934
1.05971
1.03577
0.988921
0.921881
0.838492
0.743492
0.642238
0.540386
0.44357
0.357082
0.285579
0.232823
0.20149
0.193027
0.207587
0.244045
0.300068
0.372272
0.456415
0.547652
0.640809
0.730671
0.812271
0.881159
0.933632
0.966924
0.979338
0.970313
0.940431
0.891358
0.825722
0.746949
0.659052
0.566394
0.473434
0.384481
0.303457
0.23369
0.177741
0.137287
0.113048
0.104777
0.111296
0.130594
0.159958
0.19615
0.235601
0.274625
0.309627
0.337304
0.354826
0.359983
0.351289
0.328054
0.290397
0.239224
0.176153
0.103414
0.0237084
-0.0599516
-0.144409
-0.226538
-0.303408
-0.37243
-0.431482
-0.479006
-0.514062
-0.536353
-0.546213
-0.544562
-0.532826
-0.51284
-0.486727
-0.456774
-0.425297
-0.394522
-0.366465
-0.342842
-0.324991
-0.313825
-0.309807
-0.312958
-0.322877
-0.338797
-0.359646
-0.384125
-0.410797
-0.438171
-0.464784
-0.489281
-0.510477
-0.52741
-0.53937
-0.545923
-0.546913
-0.542446
-0.532868
-0.51873
-0.500751
-0.479765
-0.456687
-0.432461
-0.408027
-0.384286
-0.362074
-0.342144
-0.325153
-0.311654
-0.302096
-0.296822
-0.296076
-0.3
-0.308642
-0.321952
-0.339786
-0.361899
-0.387944
-0.417471
-0.449925
-0.484648
-0.520884
-0.557794
-0.594477
-0.629991
-0.663388
-0.693753
-0.720249
-0.742156
-0.75892
-0.770194
-0.775869
-0.7761
-0.771319
-0.762233
-0.749803
-0.735212
-0.719814
-0.705069
-0.692465
-0.68344
-0.679289
-0.681082
-0.689586
-0.705198
-0.727897
-0.757218
-0.792244
-0.831637
-0.87368
-0.916354
-0.957431
-0.994594
-1.02555
-1.04819
-1.06065
-1.06153
-1.04989
-1.0254
-0.988358
-0.939699
-0.880981
-0.814324
-0.742314
-0.667882
-0.594151
-0.524277
-0.461271
-0.407832
-0.366188
-0.337958
-0.324044
-0.324564
-0.338827
-0.365346
-0.401909
-0.445684
-0.493368
-0.541364
-0.585983
-0.623658
-0.651146
-0.665736
-0.665414
-0.649001
-0.616249
-0.567877
-0.50556
-0.431858
-0.350099
-0.264202
-0.178476
-0.097379
-0.0252729
0.033831
0.0765081
0.100129
0.103031
0.0846329
0.0454955
-0.0126824
-0.087134
-0.174156
-0.269297
-0.367589
-0.463817
-0.552806
-0.629708
-0.690284
-0.731146
-0.749964
-0.745608
-0.718233
-0.669286
-0.601439
-0.518457
-0.424995
-0.326345
-0.228139
-0.136035
-0.0553867
0.00906629
0.053481
0.0751467
0.0726589
0.0460206
-0.00333521
-0.0726044
-0.157751
-0.253716
-0.354697
-0.454459
-0.546691
-0.625362
-0.68507
-0.721358
-0.730987
-0.712132
-0.664514
-0.589435
-0.48973
-0.369626
-0.234529
-0.0907303
0.054931
0.195448
0.324034
0.434508
0.521645
0.581478
0.611533
0.610977
0.580683
0.523187
0.442562
0.344192
0.234479
0.120484
0.00952608
-0.0912303
-0.175191
-0.236714
-0.271441
-0.276561
-0.250984
-0.195422
-0.112366
-0.00595722
0.118226
0.253481
0.392344
0.527017
0.649802
0.753545
0.832046
0.880423
0.895403
0.87552
0.821222
0.734856
0.620561
0.484044
0.332278
0.173117
0.014861
-0.134203
-0.26627
-0.374455
-0.453184
-0.498516
-0.508367
-0.482642
-0.423237
-0.33395
-0.220261
-0.089038
0.0518598
0.194018
0.32895
0.448578
0.545697
0.614391
0.650379
0.651264
0.616683
0.548338
0.449909
0.326854
0.18611
0.0357029
-0.115701
-0.259288
-0.386598
-0.490005
-0.563158
-0.601353
-0.6018
-0.563804
-0.488807
-0.380324
-0.243755
-0.0860885
0.0844807
0.25901
0.428307
0.583442
0.716253
0.819804
0.888773
0.91976
0.911472
0.864803
0.78278
0.670397
0.534329
0.382555
0.223905
0.0675606
-0.0774704
-0.202864
-0.301458
-0.367658
-0.397762
-0.39017
-0.345482
-0.266467
-0.157906
-0.0263274
0.120366
0.273342
0.423339
0.561196
0.678371
0.76743
0.822472
0.839471
0.816502
0.753865
0.654068
0.521693
0.363141
0.18628
2.59588e-15
-0.18628
-0.363141
-0.521693
-0.654068
-0.753865
-0.816502
-0.839471
-0.822472
-0.76743
-0.678371
-0.561196
-0.423339
-0.273342
-0.120366
0.0263274
0.157906
0.266467
0.345482
0.39017
0.397762
0.367658
0.301458
0.202864
0.0774704
-0.0675606
-0.223905
-0.382555
-0.534329
-0.670397
-0.78278
-0.864803
-0.911472
-0.91976
-0.888773
-0.819804
-0.716253
-0.583442
-0.428307
-0.25901
-0.0844807
0.0860885
0.243755
0.380324
0.488807
0.563804
0.6018
0.601353
0.563158
0.490005
0.386598
0.259288
0.115701
-0.0357029
-0.18611
-0.326854
-0.449909
-0.548338
-0.616683
-0.651264
-0.650379
-0.614391
-0.545697
-0.448578
-0.32895
-0.194018
-0.0518598
0.089038
0.220261
0.33395
0.423237
0.482642
0.508367
0.498516
0.453184
0.374455
0.26627
0.134203
-0.014861
-0.173117
-0.332278
-0.484044
-0.620561
-0.734856
-0.821222
-0.87552
-0.895403
-0.880423
-0.832046
-0.753545
-0.649802
-0.527017
-0.392344
-0.253481
-0.118226
0.00595722
0.112366
0.195422
0.250984
0.276561
0.271441
0.236714
0.175191
0.0912303
-0.00952608
-0.120484
-0.234479
-0.344192
-0.442562
-0.523187
-0.580683
-0.610977
-0.611533
-0.581478
-0.521645
-0.434508
-0.324034
-0.195448
-0.054931
0.0907303
0.234529
0.369626
0.48973
0.589435
0.664514
0.712132
0.730987
0.721358
0.68507
0.625362
0.546691
0.454459
0.354697
0.253716
0.157751
0.0726044
0.00333521
-0.0460206
-0.0726589
-0.0751467
-0.053481
-0.00906629
0.0553867
0.136035
0.228139
0.326345
0.424995
0.518457
0.601439
0.669286
0.718233
0.745608
0.749964
0.731146
0.690284
0.629708
0.552806
0.463817
0.367589
0.269297
0.174156
0.087134
0.0126824
-0.0454955
-0.0846329
-0.103031
-0.100129
-0.0765081
-0.033831
0.0252729
0.097379
0.178476
0.264202
0.350099
0.431858
0.50556
0.567877
0.616249
0.649001
0.665414
0.665736
0.651146
0.623658
0.585983
0.541364
0.493368
0.445684
0.401909
0.365346
0.338827
0.324564
0.324044
0.337958
0.366188
0.407832
0.461271
0.524277
0.594151
0.667882
0.742314
0.814324
0.880981
0.939699
0.988358
1.0254
1.04989
1.06153
1.06065
1.04819
1.02555
0.994594
0.957431
0.916354
0.87368
0.831637
0.792244
0.757218
0.727897
0.705198
0.689586
0.681082
0.679289
0.68344
0.692465
0.705069
0.719814
0.735212
0.749803
0.762233
0.771319
0.7761
0.775869
0.770194
0.75892
0.742156
0.720249
0.693753
0.663388
0.629991
0.594477
0.557794
0.520884
0.484648
0.449925
0.417471
0.387944
0.361899
0.339786
0.321952
0.308642
0.3
0.296076
0.296822
0.302096
0.311654
0.325153
0.342144
0.362074
0.384286
0.408027
0.432461
0.456687
0.479765
0.500751
0.51873
0.532868
0.542446
0.546913
0.545923
0.53937
0.52741
0.510477
0.489281
0.464784
0.438171
0.410797
0.384125
0.359646
0.338797
0.322877
0.312958
0.309807
0.313825
0.324991
0.342842
0.366465
0.394522
0.425297
0.456774
0.486727
0.51284
0.532826
0.544562
0.546213
0.536353
0.514062
0.479006
0.431482
0.37243
0.303408
0.226538
0.144409
0.0599516
-0.0237084
-0.103414
-0.176153
-0.239224
-0.290397
-0.328054
-0.351289
-0.359983
-0.354826
-0.337304
-0.309627
-0.274625
-0.235601
-0.19615
-0.159958
-0.130594
-0.111296
-0.104777
-0.113048
-0.137287
-0.177741
-0.23369
-0.303457
-0.384481
-0.473434
-0.566394
-0.659052
-0.746949
-0.825722
-0.891358
-0.940431
-0.970313
-0.979338
-0.966924
-0.933632
-0.881159
-0.812271
-0.730671
-0.640809
-0.547652
-0.456415
-0.372272
-0.300068
-0.244045
-0.207587
-0.193027
-0.20149
-0.232823
-0.285579
-0.357082
-0.44357
-0.540386
-0.642238
-0.743492
-0.838492
-0.921881
-0.988921
-1.03577
-1.05971
-1.05934
-1.03467
-0.987126
-0.91951
-0.835861
-0.741235
-0.641437
-0.5427
-0.451336
-0.373375
-0.31422
-0.278326
-0.268934
-0.287868
-0.335407
-0.410249
-0.50956
-0.629111
-0.763498
-0.906429
-1.05106
-1.1904
-1.31765
-1.42662
-1.51211
-1.57013
-1.59822
-1.59554
-1.56297
-1.50304
-1.41983
-1.31872
-1.20611
-1.08907
-0.974908
-0.870797
-0.783331
-0.718151
-0.679615
-0.670537
-0.692006
-0.743312
-0.821963
-0.923819
-1.0433
-1.17371
-1.30759
-1.43712
-1.55463
-1.65295
-1.72589
-1.76856
-1.77769
-1.75183
-1.69141
-1.59878
-1.47809
-1.33504
-1.17661
-1.01064
-0.845457
-0.689329
-0.550069
-0.434562
-0.348383
-0.295475
-0.277921
-0.295821
-0.347276
-0.428493
-0.53399
-0.656903
-0.789373
-0.922987
-1.04926
-1.16011
-1.24835
-1.30804
-1.33493
-1.3266
-1.28269
-1.20492
-1.09696
-0.964278
-0.813801
-0.653563
-0.492229
-0.338617
-0.201188
-0.0875682
-0.00411045
0.0444771
0.055406
0.027977
-0.036368
-0.134116
-0.259869
-0.406639
-0.566234
-0.729714
-0.887887
-1.03183
-1.15337
-1.24558
-1.30315
-1.32267
-1.30285
-1.24458
-1.1509
-1.02681
-0.878972
-0.715375
-0.544849
-0.376578
-0.219571
-0.0821549
0.0285062
0.106817
0.149072
0.153671
0.121211
0.05446
-0.0418035
-0.161054
-0.295389
-0.435979
-0.573565
-0.698986
-0.803704
-0.880286
-0.922834
-0.927322
-0.891829
-0.816656
-0.704313
-0.559383
-0.388271
-0.198846
-5.68162e-15
0.198846
0.388271
0.559383
0.704313
0.816656
0.891829
0.927322
0.922834
0.880286
0.803704
0.698986
0.573565
0.435979
0.295389
0.161054
0.0418035
-0.05446
-0.121211
-0.153671
-0.149072
-0.106817
-0.0285062
0.0821549
0.219571
0.376578
0.544849
0.715375
0.878972
1.02681
1.1509
1.24458
1.30285
1.32267
1.30315
1.24558
1.15337
1.03183
0.887887
0.729714
0.566234
0.406639
0.259869
0.134116
0.036368
-0.027977
-0.055406
-0.0444771
0.00411045
0.0875682
0.201188
0.338617
0.492229
0.653563
0.813801
0.964278
1.09696
1.20492
1.28269
1.3266
1.33493
1.30804
1.24835
1.16011
1.04926
0.922987
0.789373
0.656903
0.53399
0.428493
0.347276
0.295821
0.277921
0.295475
0.348383
0.434562
0.550069
0.689329
0.845457
1.01064
1.17661
1.33504
1.47809
1.59878
1.69141
1.75183
1.77769
1.76856
1.72589
1.65295
1.55463
1.43712
1.30759
1.17371
1.0433
0.923819
0.821963
0.743312
0.692006
0.670537
0.679615
0.718151
0.783331
0.870797
0.974908
1.08907
1.20611
1.31872
1.41983
1.50304
1.56297
1.59554
1.59822
1.57013
1.51211
1.42662
1.31765
1.1904
1.05106
0.906429
0.763498
0.629111
0.50956
0.410249
0.335407
0.287868
0.268934
0.278326
0.31422
0.373375
0.451336
0.5427
0.641437
0.741235
0.835861
0.91951
0.987126
1.03467
1.05934
1.05971
1.03577
0.988921
0.921881
0.838492
0.743492
0.642238
0.540386
0.44357
0.357082
0.285579
0.232823
0.20149
0.193027
0.207587
0.244045
0.300068
0.372272
0.456415
0.547652
0.640809
0.730671
0.812271
0.881159
0.933632
0.966924
0.979338
0.970313
0.940431
0.891358
0.825722
0.746949
0.659052
0.566394
0.473434
0.384481
0.303457
0.23369
0.177741
0.137287
0.113048
0.104777
0.111296
0.130594
0.159958
0.19615
0.235601
0.274625
0.309627
0.337304
0.354826
0.359983
0.351289
0.328054
0.290397
0.239224
0.176153
0.103414
0.0237084
-0.0599516
-0.144409
-0.226538
-0.303408
-0.37243
-0.431482
-0.479006
-0.514062
-0.536353
-0.546213
-0.544562
-0.532826
-0.51284
-0.486727
-0.456774
-0.425297
-0.394522
-0.366465
-0.342842
-0.324991
-0.313825
-0.309807
-0.312958
-0.322877
-0.338797
-0.359646
-0.384125
-0.410797
-0.438171
-0.464784
-0.489281
-0.510477
-0.52741
-0.53937
-0.545923
-0.546913
-0.542446
-0.532868
-0.51873
-0.500751
-0.479765
-0.456687
-0.432461
-0.408027
-0.384286
-0.362074
-0.342144
-0.325153
-0.311654
-0.302096
-0.296822
-0.296076
-0.3
-0.308642
-0.321952
-0.339786
-0.361899
-0.387944
-0.417471
-0.449925
-0.484648
-0.520884
-0.557794
-0.594477
-0.629991
-0.663388
-0.693753
-0.720249
-0.742156
-0.75892
-0.770194
-0.775869
-0.7761
-0.771319
-0.762233
-0.749803
-0.735212
-0.719814
-0.705069
-0.692465
-0.68344
-0.679289
-0.681082
-0.689586
-0.705198
-0.727897
-0.757218
-0.792244
-0.831637
-0.87368
-0.916354
-0.957431
-0.994594
-1.02555
-1.04819
-1.06065
-1.06153
-1.04989
-1.0254
-0.988358
-0.939699
-0.880981
-0.814324
-0.742314
-0.667882
-0.594151
-0.524277
-0.461271
-0.407832
-0.366188
-0.337958
-0.324044
-0.324564
-0.338827
-0.365346
-0.401909
-0.445684
-0.493368
-0.541364
-0.585983
-0.623658
-0.651146
-0.665736
-0.665414
-0.649001
-0.616249
-0.567877
-0.50556
-0.431858
-0.350099
-0.264202
-0.178476
-0.097379
-0.0252729
0.033831
0.0765081
0.100129
0.103031
0.0846329
0.0454955
-0.0126824
-0.087134
-0.174156
-0.269297
-0.367589
-0.463817
-0.552806
-0.629708
-0.690284
-0.731146
-0.749964
-0.745608
-0.718233
-0.669286
-0.601439
-0.518457
-0.424995
-0.326345
-0.228139
-0.136035
-0.0553867
0.00906629
0.053481
0.0751467
0.0726589
0.0460206
-0.00333521
-0.0726044
-0.157751
-0.253716
-0.354697
-0.454459
-0.546691
-0.625362
-0.68507
-0.721358
-0.730987
-0.712132
-0.664514
-0.589435
-0.48973
-0.369626
-0.234529
-0.0907303
0.054931
0.195448
0.324034
0.434508
0.521645
0.581478
0.611533
0.610977
0.580683
0.523187
0.442562
0.344192
0.234479
0.120484
0.00952608
-0.0912303
-0.175191
-0.236714
-0.271441
-0.276561
-0.250984
-0.195422
-0.112366
-0.00595722
0.118226
0.253481
0.392344
0.527017
0.649802
0.753545
0.832046
0.880423
0.895403
0.87552
0.821222
0.734856
0.620561
0.484044
0.332278
0.173117
0.014861
-0.134203
-0.26627
-0.374455
-0.453184
-0.498516
-0.508367
-0.482642
-0.423237
-0.33395
-0.220261
-0.089038
0.0518598
0.194018
0.32895
0.448578
0.545697
0.614391
0.650379
0.651264
0.616683
0.548338
0.449909
0.326854
0.18611
0.0357029
-0.115701
-0.259288
-0.386598
-0.490005
-0.563158
-0.601353
-0.6018
-0.563804
-0.488807
-0.380324
-0.243755
-0.0860885
0.0844807
0.25901
0.428307
0.583442
0.716253
0.819804
0.888773
0.91976
0.911472
0.864803
0.78278
0.670397
0.534329
0.382555
0.223905
0.0675606
-0.0774704
-0.202864
-0.301458
-0.367658
-0.397762
-0.39017
-0.345482
-0.266467
-0.157906
-0.0263274
0.120366
0.273342
0.423339
0.561196
0.678371
0.76743
0.822472
0.839471
0.816502
0.753865
0.654068
0.521693
0.363141
0.18628
1.84458e-14
-0.18628
-0.363141
-0.521693
-0.654068
-0.753865
-0.816502
-0.839471
-0.822472
-0.76743
-0.678371
-0.561196
-0.423339
-0.273342
-0.120366
0.0263274
0.157906
0.266467
0.345482
0.39017
0.397762
0.367658
0.301458
0.202864
0.0774704
-0.0675606
-0.223905
-0.382555
-0.534329
-0.670397
-0.78278
-0.864803
-0.911472
-0.91976
-0.888773
-0.819804
-0.716253
-0.583442
-0.428307
-0.25901
-0.0844807
0.0860885
0.243755
0.380324
0.488807
0.563804
0.6018
0.601353
0.563158
0.490005
0.386598
0.259288
0.115701
-0.0357029
-0.18611
-0.326854
-0.449909
-0.548338
-0.616683
-0.651264
-0.650379
-0.614391
-0.545697
-0.448578
-0.32895
-0.194018
-0.0518598
0.089038
0.220261
0.33395
0.423237
0.482642
0.508367
0.498516
0.453184
0.374455
0.26627
0.134203
-0.014861
-0.173117
-0.332278
-0.484044
-0.620561
-0.734856
-0.821222
-0.87552
-0.895403
-0.880423
-0.832046
-0.753545
-0.649802
-0.527017
-0.392344
-0.253481
-0.118226
0.00595722
0.112366
0.195422
0.250984
0.276561
0.271441
0.236714
0.175191
0.0912303
-0.00952608
-0.120484
-0.234479
-0.344192
-0.442562
-0.523187
-0.580683
-0.610977
-0.611533
-0.581478
-0.521645
-0.434508
-0.324034
-0.195448
-0.054931
0.0907303
0.234529
0.369626
0.48973
0.589435
0.664514
0.712132
0.730987
0.721358
0.68507
0.625362
0.546691
0.454459
0.354697
0.253716
0.157751
0.0726044
0.00333521
-0.0460206
-0.0726589
-0.0751467
-0.053481
-0.00906629
0.0553867
0.136035
0.228139
0.326345
0.424995
0.518457
0.601439
0.669286
0.718233
0.745608
0.749964
0.731146
0.690284
0.629708
0.552806
0.463817
0.367589
0.269297
0.174156
0.087134
0.0126824
-0.0454955
-0.0846329
-0.103031
-0.100129
-0.0765081
-0.033831
0.0252729
0.097379
0.178476
0.264202
0.350099
0.431858
0.50556
0.567877
0.616249
0.649001
0.665414
0.665736
0.651146
0.623658
0.585983
0.541364
0.493368
0.445684
0.401909
0.365346
0.338827
0.324564
0.324044
0.337958
0.366188
0.407832
0.461271
0.524277
0.594151
0.667882
0.742314
0.814324
0.880981
0.939699
0.988358
1.0254
1.04989
1.06153
1.06065
1.04819
1.02555
0.994594
0.957431
0.916354
0.87368
0.831637
0.792244
0.757218
0.727897
0.705198
0.689586
0.681082
0.679289
0.68344
0.692465
0.705069
0.719814
0.735212
0.749803
0.762233
0.771319
0.7761
0.775869
0.770194
0.75892
0.742156
0.720249
0.693753
0.663388
0.629991
0.594477
0.557794
0.520884
0.484648
0.449925
0.417471
0.387944
0.361899
0.339786
0.321952
0.308642
0.3
0.296076
0.296822
0.302096
0.311654
0.325153
0.342144
0.362074
0.384286
0.408027
0.432461
0.456687
0.479765
0.500751
0.51873
0.532868
0.542446
0.546913
0.545923
0.53937
0.52741
0.510477
0.489281
0.464784
0.438171
0.410797
0.384125
0.359646
0.338797
0.322877
0.312958
0.309807
0.313825
0.324991
0.342842
0.366465
0.394522
0.425297
0.456774
0.486727
0.51284
0.532826
0.544562
0.546213
0.536353
0.514062
0.479006
0.431482
0.37243
0.303408
0.226538
0.144409
0.0599516
-0.0237084
-0.103414
-0.176153
-0.239224
-0.290397
-0.328054
-0.351289
-0.359983
-0.354826
-0.337304
-0.309627
-0.274625
-0.235601
-0.19615
-0.159958
-0.130594
-0.111296
-0.104777
-0.113048
-0.137287
-0.177741
-0.23369
-0.303457
-0.384481
-0.473434
-0.566394
-0.659052
-0.746949
-0.825722
-0.891358
-0.940431
-0.970313
-0.979338
-0.966924
-0.933632
-0.881159
-0.812271
-0.730671
-0.640809
-0.547652
-0.456415
-0.372272
-0.300068
-0.244045
-0.207587
-0.193027
-0.20149
-0.232823
-0.285579
-0.357082
-0.44357
-0.540386
-0.642238
-0.743492
-0.838492
-0.921881
-0.988921
-1.03577
-1.05971
-1.05934
-1.03467
-0.987126
-0.91951
-0.835861
-0.741235
-0.641437
-0.5427
-0.451336
-0.373375
-0.31422
-0.278326
-0.268934
-0.287868
-0.335407
-0.410249
-0.50956
-0.629111
-0.763498
-0.906429
-1.05106
-1.1904
-1.31765
-1.42662
-1.51211
-1.57013
-1.59822
-1.59554
-1.56297
-1.50304
-1.41983
-1.31872
-1.20611
-1.08907
-0.974908
-0.870797
-0.783331
-0.718151
-0.679615
-0.670537
-0.692006
-0.743312
-0.821963
-0.923819
-1.0433
-1.17371
-1.30759
-1.43712
-1.55463
-1.65295
-1.72589
-1.76856
-1.77769
-1.75183
-1.69141
-1.59878
-1.47809
-1.33504
-1.17661
-1.01064
-0.845457
-0.689329
-0.550069
-0.434562
-0.348383
-0.295475
-0.277921
-0.295821
-0.347276
-0.428493
-0.53399
-0.656903
-0.789373
-0.922987
-1.04926
-1.16011
-1.24835
-1.30804
-1.33493
-1.3266
-1.28269
-1.20492
-1.09696
-0.964278
-0.813801
-0.653563
-0.492229
-0.338617
-0.201188
-0.0875682
-0.00411045
0.0444771
0.055406
0.027977
-0.036368
-0.134116
-0.259869
-0.406639
-0.566234
-0.729714
-0.887887
-1.03183
-1.15337
-1.24558
-1.30315
-1.32267
-1.30285
-1.24458
-1.1509
-1.02681
-0.878972
-0.715375
-0.544849
-0.376578
-0.219571
-0.0821549
0.0285062
0.106817
0.149072
0.153671
0.121211
0.05446
-0.0418035
-0.161054
-0.295389
-0.435979
-0.573565
-0.698986
-0.803704
-0.880286
-0.922834
-0.927322
-0.891829
-0.816656
-0.704313
-0.559383
-0.388271
-0.198846
-1.13632e-14
0.198846
0.388271
0.559383
0.704313
0.816656
0.891829
0.927322
0.922834
0.880286
0.803704
0.698986
0.573565
0.435979
0.295389
0.161054
0.0418035
-0.05446
-0.121211
-0.153671
-0.149072
-0.106817
-0.0285062
0.0821549
0.219571
0.376578
0.544849
0.715375
0.878972
1.02681
1.1509
1.24458
1.30285
1.32267
1.30315
1.24558
1.15337
1.03183
0.887887
0.729714
0.566234
0.406639
0.259869
0.134116
0.036368
-0.027977
-0.055406
-0.0444771
0.00411045
0.0875682
0.201188
0.338617
0.492229
0.653563
0.813801
0.964278
1.09696
1.20492
1.28269
1.3266
1.33493
1.30804
1.24835
1.16011
1.04926
0.922987
0.789373
0.656903
0.53399
0.428493
0.347276
0.295821
0.277921
0.295475
0.348383
0.434562
0.550069
0.689329
0.845457
1.01064
1.17661
1.33504
1.47809
1.59878
1.69141
1.75183
1.77769
1.76856
1.72589
1.65295
1.55463
1.43712
1.30759
1.17371
1.0433
0.923819
0.821963
0.743312
0.692006
0.670537
0.679615
0.718151
0.783331
0.870797
0.974908
1.08907
1.20611
1.31872
1.41983
1.50304
1.56297
1.59554
1.59822
1.57013
1.51211
1.42662
1.31765
1.1904
1.05106
0.906429
0.763498
0.629111
0.50956
0.410249
0.335407
0.287868
0.268934
0.278326
0.31422
0.373375
0.451336
0.5427
0.641437
0.741235
0.835861
0.91951
0.987126
1.03467
1.05934
1.05971
1.03577
0.988921
0.921881
0.838492
0.743492
0.642238
0.540386
0.44357
0.357082
0.285579
0.232823
0.20149
0.193027
0.207587
0.244045
0.300068
0.372272
0.456415
0.547652
0.640809
0.730671
0.812271
0.881159
0.933632
0.966924
0.979338
0.970313
0.940431
0.891358
0.825722
0.746949
0.659052
0.566394
0.473434
0.384481
0.303457
0.23369
0.177741
0.137287
0.113048
0.104777
0.111296
0.130594
0.159958
0.19615
0.235601
0.274625
0.309627
0.337304
0.354826
0.359983
0.351289
0.328054
0.290397
0.239224
0.176153
0.103414
0.0237084
-0.0599516
-0.144409
-0.226538
-0.303408
-0.37243
-0.431482
-0.479006
-0.514062
-0.536353
-0.546213
-0.544562
-0.532826
-0.51284
-0.486727
-0.456774
-0.425297
-0.394522
-0.366465
-0.342842
-0.324991
-0.313825
-0.309807
-0.312958
-0.322877
-0.338797
-0.359646
-0.384125
-0.410797
-0.438171
-0.464784
-0.489281
-0.510477
-0.52741
-0.53937
-0.545923
-0.546913
-0.542446
-0.532868
-0.51873
-0.500751
-0.479765
-0.456687
-0.432461
-0.408027
-0.384286
-0.362074
-0.342144
-0.325153
-0.311654
-0.302096
-0.296822
-0.296076
-0.3
-0.308642
-0.321952
-0.339786
-0.361899
-0.387944
-0.417471
-0.449925
-0.484648
-0.520884
-0.557794
-0.594477
-0.629991
-0.663388
-0.693753
-0.720249
-0.742156
-0.75892
-0.770194
-0.775869
-0.7761
-0.771319
-0.762233
-0.749803
-0.735212
-0.719814
-0.705069
-0.692465
-0.68344
-0.679289
-0.681082
-0.689586
-0.705198
-0.727897
-0.757218
-0.792244
-0.831637
-0.87368
-0.916354
-0.957431
-0.994594
-1.02555
-1.04819
-1.06065
-1.06153
-1.04989
-1.0254
-0.988358
-0.939699
-0.880981
-0.814324
-0.742314
-0.667882
-0.594151
-0.524277
-0.461271
-0.407832
-0.366188
-0.337958
-0.324044
-0.324564
-0.338827
-0.365346
-0.401909
-0.445684
-0.493368
-0.541364
-0.585983
-0.623658
-0.651146
-0.665736
-0.665414
-0.649001
-0.616249
-0.567877
-0.50556
-0.431858
-0.350099
-0.264202
-0.178476
-0.097379
-0.0252729
0.033831
0.0765081
0.100129
0.103031
0.0846329
0.0454955
-0.0126824
-0.087134
-0.174156
-0.269297
-0.367589
-0.463817
-0.552806
-0.629708
-0.690284
-0.731146
-0.749964
-0.745608
-0.718233
-0.669286
-0.601439
-0.518457
-0.424995
-0.326345
-0.228139
-0.136035
-0.0553867
0.00906629
0.053481
0.0751467
0.0726589
0.0460206
-0.00333521
-0.0726044
-0.157751
-0.253716
-0.354697
-0.454459
-0.546691
-0.625362
-0.68507
-0.721358
-0.730987
-0.712132
-0.664514
-0.589435
-0.48973
-0.369626
-0.234529
-0.0907303
0.054931
0.195448
0.324034
0.434508
0.521645
0.581478
0.611533
0.610977
0.580683
0.523187
0.442562
0.344192
0.234479
0.120484
0.00952608
-0.0912303
-0.175191
-0.236714
-0.271441
-0.276561
-0.250984
-0.195422
-0.112366
-0.00595722
0.118226
0.253481
0.392344
0.527017
0.649802
0.753545
0.832046
0.880423
0.895403
0.87552
0.821222
0.734856
0.620561
0.484044
0.332278
0.173117
0.014861
-0.134203
-0.26627
-0.374455
-0.453184
-0.498516
-0.508367
-0.482642
-0.423237
-0.33395
-0.220261
-0.089038
0.0518598
0.194018
0.32895
0.448578
0.545697
0.614391
0.650379
0.651264
0.616683
0.548338
0.449909
0.326854
0.18611
0.0357029
-0.115701
-0.259288
-0.386598
-0.490005
-0.563158
-0.601353
-0.6018
-0.563804
-0.488807
-0.380324
-0.243755
-0.0860885
0.0844807
0.25901
0.428307
0.583442
0.716253
0.819804
0.888773
0.91976
0.911472
0.864803
0.78278
0.670397
0.534329
0.382555
0.223905
0.0675606
-0.0774704
-0.202864
-0.301458
-0.367658
-0.397762
-0.39017
-0.345482
-0.266467
-0.157906
-0.0263274
0.120366
0.273342
0.423339
0.561196
0.678371
0.76743
0.822472
0.839471
0.816502
0.753865
0.654068
0.521693
0.363141
0.18628
-7.62634e-15
-0.18628
-0.363141
-0.521693
-0.654068
-0.753865
-0.816502
-0.839471
-0.822472
-0.76743
-0.678371
-0.561196
-0.423339
-0.273342
-0.120366
0.0263274
0.157906
0.266467
0.345482
0.39017
0.397762
0.367658
0.301458
0.202864
0.0774704
-0.0675606
-0.223905
-0.382555
-0.534329
-0.670397
-0.78278
-0.864803
-0.911472
-0.91976
-0.888773
-0.819804
-0.716253
-0.583442
-0.428307
-0.25901
-0.0844807
0.0860885
0.243755
0.380324
0.488807
0.563804
0.6018
0.601353
0.563158
0.490005
0.386598
0.259288
0.115701
-0.0357029
-0.18611
-0.326854
-0.449909
-0.548338
-0.616683
-0.651264
-0.650379
-0.614391
-0.545697
-0.448578
-0.32895
-0.194018
-0.0518598
0.089038
0.220261
0.33395
0.423237
0.482642
0.508367
0.498516
0.453184
0.374455
0.26627
0.134203
-0.014861
-0.173117
-0.332278
-0.484044
-0.620561
-0.734856
-0.821222
-0.87552
-0.895403
-0.880423
-0.832046
-0.753545
-0.649802
-0.527017
-0.392344
-0.253481
-0.118226
0.00595722
0.112366
0.195422
0.250984
0.276561
0.271441
0.236714
0.175191
0.0912303
-0.00952608
-0.120484
-0.234479
-0.344192
-0.442562
-0.523187
-0.580683
-0.610977
-0.611533
-0.581478
-0.521645
-0.434508
-0.324034
-0.195448
-0.054931
0.0907303
0.234529
0.369626
0.48973
0.589435
0.664514
0.712132
0.730987
0.721358
0.68507
0.625362
0.546691
0.454459
0.354697
0.253716
0.157751
0.0726044
0.00333521
-0.0460206
-0.0726589
-0.0751467
-0.053481
-0.00906629
0.0553867
0.136035
0.228139
0.326345
0.424995
0.518457
0.601439
0.669286
0.718233
0.745608
0.749964
0.731146
0.690284
0.629708
0.552806
0.463817
0.367589
0.269297
0.174156
0.087134
0.0126824
-0.0454955
-0.0846329
-0.103031
-0.100129
-0.0765081
-0.033831
0.0252729
0.097379
0.178476
0.264202
0.350099
0.431858
0.50556
0.567877
0.616249
0.649001
0.665414
0.665736
0.651146
0.623658
0.585983
0.541364
0.493368
0.445684
0.401909
0.365346
0.338827
0.324564
0.324044
0.337958
0.366188
0.407832
0.461271
0.524277
0.594151
0.667882
0.742314
0.814324
0.880981
0.939699
0.988358
1.0254
1.04989
1.06153
1.06065
1.04819
1.02555
0.994594
0.957431
0.916354
0.87368
0.831637
0.792244
0.757218
0.727897
0.705198
0.689586
0.681082
0.679289
0.68344
0.692465
0.705069
0.719814
0.735212
0.749803
0.762233
0.771319
0.7761
0.775869
0.770194
0.75892
0.742156
0.720249
0.693753
0.663388
0.629991
0.594477
0.557794
0.520884
0.484648
0.449925
0.417471
0.387944
0.361899
0.339786
0.321952
0.308642
0.3
0.296076
0.296822
0.302096
0.311654
0.325153
0.342144
0.362074
0.384286
0.408027
0.432461
0.456687
0.479765
0.500751
0.51873
0.532868
0.542446
0.546913
0.545923
0.53937
0.52741
0.510477
0.489281
0.464784
0.438171
0.410797
0.384125
0.359646
0.338797
0.322877
0.312958
0.309807
0.313825
0.324991
0.342842
0.366465
0.394522
0.425297
0.456774
0.486727
0.51284
0.532826
0.544562
0.546213
0.536353
0.514062
0.479006
0.431482
0.37243
0.303408
0.226538
0.144409
0.0599516
-0.0237084
-0.103414
-0.176153
-0.239224
-0.290397
-0.328054
-0.351289
-0.359983
-0.354826
-0.337304
-0.309627
-0.274625
-0.235601
-0.19615
-0.159958
-0.130594
-0.111296
-0.104777
-0.113048
-0.137287
-0.177741
-0.23369
-0.303457
-0.384481
-0.473434
-0.566394
-0.659052
-0.746949
-0.825722
-0.891358
-0.940431
-0.970313
-0.979338
-0.966924
-0.933632
-0.881159
-0.812271
-0.730671
-0.640809
-0.547652
-0.456415
-0.372272
-0.300068
-0.244045
-0.207587
-0.193027
-0.20149
-0.232823
-0.285579
-0.357082
-0.44357
-0.540386
-0.642238
-0.743492
-0.838492
-0.921881
-0.988921
-1.03577
-1.05971
-1.05934
-1.03467
-0.987126
-0.91951
-0.835861
-0.741235
-0.641437
-0.5427
-0.451336
-0.373375
-0.31422
-0.278326
-0.268934
-0.287868
-0.335407
-0.410249
-0.50956
-0.629111
-0.763498
-0.906429
-1.05106
-1.1904
-1.31765
-1.42662
-1.51211
-1.57013
-1.59822
-1.59554
-1.56297
-1.50304
-1.41983
-1.31872
-1.20611
-1.08907
-0.974908
-0.870797
-0.783331
-0.718151
-0.679615
-0.670537
-0.692006
-0.743312
-0.821963
-0.923819
-1.0433
-1.17371
-1.30759
-1.43712
-1.55463
-1.65295
-1.72589
-1.76856
-1.77769
-1.75183
-1.69141
-1.59878
-1.47809
-1.33504
-1.17661
-1.01064
-0.845457
-0.689329
-0.550069
-0.434562
-0.348383
-0.295475
-0.277921
-0.295821
-0.347276
-0.428493
-0.53399
-0.656903
-0.789373
-0.922987
-1.04926
-1.16011
-1.24835
-1.30804
-1.33493
-1.3266
-1.28269
-1.20492
-1.09696
-0.964278
-0.813801
-0.653563
-0.492229
-0.338617
-0.201188
-0.0875682
-0.00411045
0.0444771
0.055406
0.027977
-0.036368
-0.134116
-0.259869
-0.406639
-0.566234
-0.729714
-0.887887
-1.03183
-1.15337
-1.24558
-1.30315
-1.32267
-1.30285
-1.24458
-1.1509
-1.02681
-0.878972
-0.715375
-0.544849
-0.376578
-0.219571
-0.0821549
0.0285062
0.106817
0.149072
0.153671
0.121211
0.05446
-0.0418035
-0.161054
-0.295389
-0.435979
-0.573565
-0.698986
-0.803704
-0.880286
-0.922834
-0.927322
-0.891829
-0.816656
-0.704313
-0.559383
-0.388271
-0.198846
-3.83611e-14
0.198846
0.388271
0.559383
0.704313
0.816656
0.891829
0.927322
0.922834
0.880286
0.803704
0.698986
0.573565
0.435979
0.295389
0.161054
0.0418035
-0.05446
-0.121211
-0.153671
-0.149072
-0.106817
-0.0285062
0.0821549
0.219571
0.376578
0.544849
0.715375
0.878972
1.02681
1.1509
1.24458
1.30285
1.32267
1.30315
1.24558
1.15337
1.03183
0.887887
0.729714
0.566234
0.406639
0.259869
0.134116
0.036368
-0.027977
-0.055406
-0.0444771
0.00411045
0.0875682
0.201188
0.338617
0.492229
0.653563
0.813801
0.964278
1.09696
1.20492
1.28269
1.3266
1.33493
1.30804
1.24835
1.16011
1.04926
0.922987
0.789373
0.656903
0.53399
0.428493
0.347276
0.295821
0.277921
0.295475
0.348383
0.434562
0.550069
0.689329
0.845457
1.01064
1.17661
1.33504
1.47809
1.59878
1.69141
1.75183
1.77769
1.76856
1.72589
1.65295
1.55463
1.43712
1.30759
1.17371
1.0433
0.923819
0.821963
0.743312
0.692006
0.670537
0.679615
0.718151
0.783331
0.870797
0.974908
1.08907
1.20611
1.31872
1.41983
1.50304
1.56297
1.59554
1.59822
1.57013
1.51211
1.42662
1.31765
1.1904
1.05106
0.906429
0.763498
0.629111
0.50956
0.410249
0.335407
0.287868
0.268934
0.278326
0.31422
0.373375
0.451336
0.5427
0.641437
0.741235
0.835861
0.91951
0.987126
1.03467
1.05934
1.05971
1.03577
0.988921
0.921881
0.838492
0.743492
0.642238
0.540386
0.44357
0.357082
0.285579
0.232823
0.20149
0.193027
0.207587
0.244045
0.300068
0.372272
0.456415
0.547652
0.640809
0.730671
0.812271
0.881159
0.933632
0.966924
0.979338
0.970313
0.940431
0.891358
0.825722
0.746949
0.659052
0.566394
0.473434
0.384481
0.303457
0.23369
0.177741
0.137287
0.113048
0.104777
0.111296
0.130594
0.159958
0.19615
0.235601
0.274625
0.309627
0.337304
0.354826
0.359983
0.351289
0.328054
0.290397
0.239224
0.176153
0.103414
0.0237084
-0.0599516
-0.144409
-0.226538
-0.303408
-0.37243
-0.431482
-0.479006
-0.514062
-0.536353
-0.546213
-0.544562
-0.532826
-0.51284
-0.486727
-0.456774
-0.425297
-0.394522
-0.366465
-0.342842
-0.324991
-0.313825
-0.309807
-0.312958
-0.322877
-0.338797
-0.359646
-0.384125
-0.410797
-0.438171
-0.464784
-0.489281
-0.510477
-0.52741
-0.53937
-0.545923
-0.546913
-0.542446
-0.532868
-0.51873
-0.500751
-0.479765
-0.456687
-0.432461
-0.408027
-0.384286
-0.362074
-0.342144
-0.325153
-0.311654
-0.302096
-0.296822
-0.296076
-0.3
-0.308642
-0.321952
-0.339786
-0.361899
-0.387944
-0.417471
-0.449925
-0.484648
-0.520884
-0.557794
-0.594477
-0.629991
-0.663388
-0.693753
-0.720249
-0.742156
-0.75892
-0.770194
-0.775869
-0.7761
-0.771319
-0.762233
-0.749803
-0.735212
-0.719814
-0.705069
-0.692465
-0.68344
-0.679289
-0.681082
-0.689586
-0.705198
-0.727897
-0.757218
-0.792244
-0.831637
-0.87368
-0.916354
-0.957431
-0.994594
-1.02555
-1.04819
-1.06065
-1.06153
-1.04989
-1.0254
-0.988358
-0.939699
-0.880981
-0.814324
-0.742314
-0.667882
-0.594151
-0.524277
-0.461271
-0.407832
-0.366188
-0.337958
-0.324044
-0.324564
-0.338827
-0.365346
-0.401909
-0.445684
-0.493368
-0.541364
-0.585983
-0.623658
-0.651146
-0.665736
-0.665414
-0.649001
-0.616249
-0.567877
-0.50556
-0.431858
-0.350099
-0.264202
-0.178476
-0.097379
-0.0252729
0.033831
0.0765081
0.100129
0.103031
0.0846329
0.0454955
-0.0126824
-0.087134
-0.174156
-0.269297
-0.367589
-0.463817
-0.552806
-0.629708
-0.690284
-0.731146
-0.749964
-0.745608
-0.718233
-0.669286
-0.601439
-0.518457
-0.424995
-0.326345
-0.228139
-0.136035
-0.0553867
0.00906629
0.053481
0.0751467
0.0726589
0.0460206
-0.00333521
-0.0726044
-0.157751
-0.253716
-0.354697
-0.454459
-0.546691
-0.625362
-0.68507
-0.721358
-0.730987
-0.712132
-0.664514
-0.589435
-0.48973
-0.369626
-0.234529
-0.0907303
0.054931
0.195448
0.324034
0.434508
0.521645
0.581478
0.611533
0.610977
0.580683
0.523187
0.442562
0.344192
0.234479
0.120484
0.00952608
-0.0912303
-0.175191
-0.236714
-0.271441
-0.276561
-0.250984
-0.195422
-0.112366
-0.00595722
0.118226
0.253481
0.392344
0.527017
0.649802
0.753545
0.832046
0.880423
0.895403
0.87552
0.821222
0.734856
0.620561
0.484044
0.332278
0.173117
0.014861
-0.134203
-0.26627
-0.374455
-0.453184
-0.498516
-0.508367
-0.482642
-0.423237
-0.33395
-0.220261
-0.089038
0.0518598
0.194018
0.32895
0.448578
0.545697
0.614391
0.650379
0.651264
0.616683
0.548338
0.449909
0.326854
0.18611
0.0357029
-0.115701
-0.259288
-0.386598
-0.490005
-0.563158
-0.601353
-0.6018
-0.563804
-0.488807
-0.380324
-0.243755
-0.0860885
0.0844807
0.25901
0.428307
0.583442
0.716253
0.819804
0.888773
0.91976
0.911472
0.864803
0.78278
0.670397
0.534329
0.382555
0.223905
0.0675606
-0.0774704
-0.202864
-0.301458
-0.367658
-0.397762
-0.39017
-0.345482
-0.266467
-0.157906
-0.0263274
0.120366
0.273342
0.423339
0.561196
0.678371
0.76743
0.822472
0.839471
0.816502
0.753865
0.654068
0.521693
0.363141
0.18628
-2.23298e-14
-0.18628
-0.363141
-0.521693
-0.654068
-0.753865
-0.816502
-0.839471
-0.822472
-0.76743
-0.678371
-0.561196
-0.423339
-0.273342
-0.120366
0.0263274
0.157906
0.266467
0.345482
0.39017
0.397762
0.367658
0.301458
0.202864
0.0774704
-0.0675606
-0.223905
-0.382555
-0.534329
-0.670397
-0.78278
-0.864803
-0.911472
-0.91976
-0.888773
-0.819804
-0.716253
-0.583442
-0.428307
-0.25901
-0.0844807
0.0860885
0.243755
0.380324
0.488807
0.563804
0.6018
0.601353
0.563158
0.490005
0.386598
0.259288
0.115701
-0.0357029
-0.18611
-0.326854
-0.449909
-0.548338
-0.616683
-0.651264
-0.650379
-0.614391
-0.545697
-0.448578
-0.32895
-0.194018
-0.0518598
0.089038
0.220261
0.33395
0.423237
0.482642
0.508367
0.498516
0.453184
0.374455
0.26627
0.134203
-0.014861
-0.173117
-0.332278
-0.484044
-0.620561
-0.734856
-0.821222
-0.87552
-0.895403
-0.880423
-0.832046
-0.753545
-0.649802
-0.527017
-0.392344
-0.253481
-0.118226
0.00595722
0.112366
0.195422
0.250984
0.276561
0.271441
0.236714
0.175191
0.0912303
-0.00952608
-0.120484
-0.234479
-0.344192
-0.442562
-0.523187
-0.580683
-0.610977
-0.611533
-0.581478
-0.521645
-0.434508
-0.324034
-0.195448
-0.054931
0.0907303
0.234529
0.369626
0.48973
0.589435
0.664514
0.712132
0.730987
0.721358
0.68507
0.625362
0.546691
0.454459
0.354697
0.253716
0.157751
0.0726044
0.00333521
-0.0460206
-0.0726589
-0.0751467
-0.053481
-0.00906629
0.0553867
0.136035
0.228139
0.326345
0.424995
0.518457
0.601439
0.669286
0.718233
0.745608
0.749964
0.731146
0.690284
0.629708
0.552806
0.463817
0.367589
0.269297
0.174156
0.087134
0.0126824
-0.0454955
-0.0846329
-0.103031
-0.100129
-0.0765081
-0.033831
0.0252729
0.097379
0.178476
0.264202
0.350099
0.431858
0.50556
0.567877
0.616249
0.649001
0.665414
0.665736
0.651146
0.623658
0.585983
0.541364
0.493368
0.445684
0.401909
0.365346
0.338827
0.324564
0.324044
0.337958
0.366188
0.407832
0.461271
0.524277
0.594151
0.667882
0.742314
0.814324
0.880981
0.939699
0.988358
1.0254
1.04989
1.06153
1.06065
1.04819
1.02555
0.994594
0.957431
0.916354
0.87368
0.831637
0.792244
0.757218
0.727897
0.705198
0.689586
0.681082
0.679289
0.68344
0.692465
0.705069
0.719814
0.735212
0.749803
0.762233
0.771319
0.7761
0.775869
0.770194
0.75892
0.742156
0.720249
0.693753
0.663388
0.629991
0.594477
0.557794
0.520884
0.484648
0.449925
0.417471
0.387944
0.361899
0.339786
0.321952
0.308642
0.3
0.296076
0.296822
0.302096
0.311654
0.325153
0.342144
0.362074
0.384286
0.408027
0.432461
0.456687
0.479765
0.500751
0.51873
0.532868
0.542446
0.546913
0.545923
0.53937
0.52741
0.510477
0.489281
0.464784
0.438171
0.410797
0.384125
0.359646
0.338797
0.322877
0.312958
0.309807
0.313825
0.324991
0.342842
0.366465
0.394522
0.425297
0.456774
0.486727
0.51284
0.532826
0.544562
0.546213
0.536353
0.514062
0.479006
0.431482
0.37243
0.303408
0.226538
0.144409
0.0599516
-0.0237084
-0.103414
-0.176153
-0.239224
-0.290397
-0.328054
-0.351289
-0.359983
-0.354826
-0.337304
-0.309627
-0.274625
-0.235601
-0.19615
-0.159958
-0.130594
-0.111296
-0.104777
-0.113048
-0.137287
-0.177741
-0.23369
-0.303457
-0.384481
-0.473434
-0.566394
-0.659052
-0.746949
-0.825722
-0.891358
-0.940431
-0.970313
-0.979338
-0.966924
-0.933632
-0.881159
-0.812271
-0.730671
-0.640809
-0.547652
-0.456415
-0.372272
-0.300068
-0.244045
-0.207587
-0.193027
-0.20149
-0.232823
-0.285579
-0.357082
-0.44357
-0.540386
-0.642238
-0.743492
-0.838492
-0.921881
-0.988921
-1.03577
-1.05971
-1.05934
-1.03467
-0.987126
-0.91951
-0.835861
-0.741235
-0.641437
-0.5427
-0.451336
-0.373375
-0.31422
-0.278326
-0.268934
-0.287868
-0.335407
-0.410249
-0.50956
-0.629111
-0.763498
-0.906429
-1.05106
-1.1904
-1.31765
-1.42662
-1.51211
-1.57013
-1.59822
-1.59554
-1.56297
-1.50304
-1.41983
-1.31872
-1.20611
-1.08907
-0.974908
-0.870797
-0.783331
-0.718151
-0.679615
-0.670537
-0.692006
-0.743312
-0.821963
-0.923819
-1.0433
-1.17371
-1.30759
-1.43712
-1.55463
-1.65295
-1.72589
-1.76856
-1.77769
-1.75183
-1.69141
-1.59878
-1.47809
-1.33504
-1.17661
-1.01064
-0.845457
-0.689329
-0.550069
-0.434562
-0.348383
-0.295475
-0.277921
-0.295821
-0.347276
-0.428493
-0.53399
-0.656903
-0.789373
-0.922987
-1.04926
-1.16011
-1.24835
-1.30804
-1.33493
-1.3266
-1.28269
-1.20492
-1.09696
-0.964278
-0.813801
-0.653563
-0.492229
-0.338617
-0.201188
-0.0875682
-0.00411045
0.0444771
0.055406
0.027977
-0.036368
-0.134116
-0.259869
-0.406639
-0.566234
-0.729714
-0.887887
-1.03183
-1.15337
-1.24558
-1.30315
-1.32267
-1.30285
-1.24458
-1.1509
-1.02681
-0.878972
-0.715375
-0.544849
-0.376578
-0.219571
-0.0821549
0.0285062
0.106817
0.149072
0.153671
0.121211
0.05446
-0.0418035
-0.161054
-0.295389
-0.435979
-0.573565
-0.698986
-0.803704
-0.880286
-0.922834
-0.927322
-0.891829
-0.816656
-0.704313
-0.559383
-0.388271
-0.198846
-2.27265e-14
0.198846
0.388271
0.559383
0.704313
0.816656
0.891829
0.927322
0.922834
0.880286
0.803704
0.698986
0.573565
0.435979
0.295389
0.161054
0.0418035
-0.05446
-0.121211
-0.153671
-0.149072
-0.106817
-0.0285062
0.0821549
0.219571
0.376578
0.544849
0.715375
0.878972
1.02681
1.1509
1.24458
1.30285
1.32267
1.30315
1.24558
1.15337
1.03183
0.887887
0.729714
0.566234
0.406639
0.259869
0.134116
0.036368
-0.027977
-0.055406
-0.0444771
0.00411045
0.0875682
0.201188
0.338617
0.492229
0.653563
0.813801
0.964278
1.09696
1.20492
1.28269
1.3266
1.33493
1.30804
1.24835
1.16011
1.04926
0.922987
0.789373
0.656903
0.53399
0.428493
0.347276
0.295821
0.277921
0.295475
0.348383
0.434562
0.550069
0.689329
0.845457
1.01064
1.17661
1.33504
1.47809
1.59878
1.69141
1.75183
1.77769
1.76856
1.72589
1.65295
1.55463
1.43712
1.30759
1.17371
1.0433
0.923819
0.821963
0.743312
0.692006
0.670537
0.679615
0.718151
0.783331
0.870797
0.974908
1.08907
1.20611
1.31872
1.41983
1.50304
1.56297
1.59554
1.59822
1.57013
1.51211
1.42662
1.31765
1.1904
1.05106
0.906429
0.763498
0.629111
0.50956
0.410249
0.335407
0.287868
0.268934
0.278326
0.31422
0.373375
0.451336
0.5427
0.641437
0.741235
0.835861
0.91951
0.987126
1.03467
1.05934
1.05971
1.03577
0.988921
0.921881
0.838492
0.743492
0.642238
0.540386
0.44357
0.357082
0.285579
0.232823
0.20149
0.193027
0.207587
0.244045
0.300068
0.372272
0.456415
0.547652
0.640809
0.730671
0.812271
0.881159
0.933632
0.966924
0.979338
0.970313
0.940431
0.891358
0.825722
0.746949
0.659052
0.566394
0.473434
0.384481
0.303457
0.23369
0.177741
0.137287
0.113048
0.104777
0.111296
0.130594
0.159958
0.19615
0.235601
0.274625
0.309627
0.337304
0.354826
0.359983
0.351289
0.328054
0.290397
0.239224
0.176153
0.103414
0.0237084
-0.0599516
-0.144409
-0.226538
-0.303408
-0.37243
-0.431482
-0.479006
-0.514062
-0.536353
-0.546213
-0.544562
-0.532826
-0.51284
-0.486727
-0.456774
-0.425297
-0.394522
-0.366465
-0.342842
-0.324991
-0.313825
-0.309807
-0.312958
-0.322877
-0.338797
-0.359646
-0.384125
-0.410797
-0.438171
-0.464784
-0.489281
-0.510477
-0.52741
-0.53937
-0.545923
-0.546913
-0.542446
-0.532868
-0.51873
-0.500751
-0.479765
-0.456687
-0.432461
-0.408027
-0.384286
-0.362074
-0.342144
-0.325153
-0.311654
-0.302096
-0.296822
-0.296076
-0.3
-0.308642
-0.321952
-0.339786
-0.361899
-0.387944
-0.417471
-0.449925
-0.484648
-0.520884
-0.557794
-0.594477
-0.629991
-0.663388
-0.693753
-0.720249
-0.742156
-0.75892
-0.770194
-0.775869
-0.7761
-0.771319
-0.762233
-0.749803
-0.735212
-0.719814
-0.705069
-0.692465
-0.68344
-0.679289
-0.681082
-0.689586
-0.705198
-0.727897
-0.757218
-0.792244
-0.831637
-0.87368
-0.916354
-0.957431
-0.994594
-1.02555
-1.04819
-1.06065
-1.06153
-1.04989
-1.0254
-0.988358
-0.939699
-0.880981
-0.814324
-0.742314
-0.667882
-0.594151
-0.524277
-0.461271
-0.407832
-0.366188
-0.337958
-0.324044
-0.324564
-0.338827
-0.365346
-0.401909
-0.445684
-0.493368
-0.541364
-0.585983
-0.623658
-0.651146
-0.665736
-0.665414
-0.649001
-0.616249
-0.567877
-0.50556
-0.431858
-0.350099
-0.264202
-0.178476
-0.097379
-0.0252729
0.033831
0.0765081
0.100129
0.103031
0.0846329
0.0454955
-0.0126824
-0.087134
-0.174156
-0.269297
-0.367589
-0.463817
-0.552806
-0.629708
-0.690284
-0.731146
-0.749964
-0.745608
-0.718233
-0.669286
-0.601439
-0.518457
-0.424995
-0.326345
-0.228139
-0.136035
-0.0553867
0.00906629
0.053481
0.0751467
0.0726589
0.0460206
-0.00333521
-0.0726044
-0.157751
-0.253716
-0.354697
-0.454459
-0.546691
-0.625362
-0.68507
-0.721358
-0.730987
-0.712132
-0.664514
-0.589435
-0.48973
-0.369626
-0.234529
-0.0907303
0.054931
0.195448
0.324034
0.434508
0.521645
0.581478
0.611533
0.610977
0.580683
0.523187
0.442562
0.344192
0.234479
0.120484
0.00952608
-0.0912303
-0.175191
-0.236714
-0.271441
-0.276561
-0.250984
-0.195422
-0.112366
-0.00595722
0.118226
0.253481
0.392344
0.527017
0.649802
0.753545
0.832046
0.880423
0.895403
0.87552
0.821222
0.734856
0.620561
0.484044
0.332278
0.173117
0.014861
-0.134203
-0.26627
-0.374455
-0.453184
-0.498516
-0.508367
-0.482642
-0.423237
-0.33395
-0.220261
-0.089038
0.0518598
0.194018
0.32895
0.448578
0.545697
0.614391
0.650379
0.651264
0.616683
0.548338
0.449909
0.326854
0.18611
0.0357029
-0.115701
-0.259288
-0.386598
-0.490005
-0.563158
-0.601353
-0.6018
-0.563804
-0.488807
-0.380324
-0.243755
-0.0860885
0.0844807
0.25901
0.428307
0.583442
0.716253
0.819804
0.888773
0.91976
0.911472
0.864803
0.78278
0.670397
0.534329
0.382555
0.223905
0.0675606
-0.0774704
-0.202864
-0.301458
-0.367658
-0.397762
-0.39017
-0.345482
-0.266467
-0.157906
-0.0263274
0.120366
0.273342
0.423339
0.561196
0.678371
0.76743
0.822472
0.839471
0.816502
0.753865
0.654068
0.521693
0.363141
0.18628
-4.62703e-14
-0.18628
-0.363141
-0.521693
-0.654068
-0.753865
-0.816502
-0.839471
-0.822472
-0.76743
-0.678371
-0.561196
-0.423339
-0.273342
-0.120366
0.0263274
0.157906
0.266467
0.345482
0.39017
0.397762
0.367658
0.301458
0.202864
0.0774704
-0.0675606
-0.223905
-0.382555
-0.534329
-0.670397
-0.78278
-0.864803
-0.911472
-0.91976
-0.888773
-0.819804
-0.716253
-0.583442
-0.428307
-0.25901
-0.0844807
0.0860885
0.243755
0.380324
0.488807
0.563804
0.6018
0.601353
0.563158
0.490005
0.386598
0.259288
0.115701
-0.0357029
-0.18611
-0.326854
-0.449909
-0.548338
-0.616683
-0.651264
-0.650379
-0.614391
-0.545697
-0.448578
-0.32895
-0.194018
-0.0518598
0.089038
0.220261
0.33395
0.423237
0.482642
0.508367
0.498516
0.453184
0.374455
0.26627
0.134203
-0.014861
-0.173117
-0.332278
-0.484044
-0.620561
-0.734856
-0.821222
-0.87552
-0.895403
-0.880423
-0.832046
-0.753545
-0.649802
-0.527017
-0.392344
-0.253481
-0.118226
0.00595722
0.112366
0.195422
0.250984
0.276561
0.271441
0.236714
0.175191
0.0912303
-0.00952608
-0.120484
-0.234479
-0.344192
-0.442562
-0.523187
-0.580683
-0.610977
-0.611533
-0.581478
-0.521645
-0.434508
-0.324034
-0.195448
-0.054931
0.0907303
0.234529
0.369626
0.48973
0.589435
0.664514
0.712132
0.730987
0.721358
0.68507
0.625362
0.546691
0.454459
0.354697
0.253716
0.157751
0.0726044
0.00333521
-0.0460206
-0.0726589
-0.0751467
-0.053481
-0.00906629
0.0553867
0.136035
0.228139
0.326345
0.424995
0.518457
0.601439
0.669286
0.718233
0.745608
0.749964
0.731146
0.690284
0.629708
0.552806
0.463817
0.367589
0.269297
0.174156
0.087134
0.0126824
-0.0454955
-0.0846329
-0.103031
-0.100129
-0.0765081
-0.033831
0.0252729
0.097379
0.178476
0.264202
0.350099
0.431858
0.50556
0.567877
0.616249
0.649001
0.665414
0.665736
0.651146
0.623658
0.585983
0.541364
0.493368
0.445684
0.401909
0.365346
0.338827
0.324564
0.324044
0.337958
0.366188
0.407832
0.461271
0.524277
0.594151
0.667882
0.742314
0.814324
0.880981
0.939699
0.988358
1.0254
1.04989
1.06153
1.06065
1.04819
1.02555
0.994594
0.957431
0.916354
0.87368
0.831637
0.792244
0.757218
0.727897
0.705198
0.689586
0.681082
0.679289
0.68344
0.692465
0.705069
0.719814
0.735212
0.749803
0.762233
0.771319
0.7761
0.775869
0.770194
0.75892
0.742156
0.720249
0.693753
0.663388
0.629991
0.594477
0.557794
0.520884
0.484648
0.449925
0.417471
0.387944
0.361899
0.339786
0.321952
0.308642
0.3
0.296076
0.296822
0.302096
0.311654
0.325153
0.342144
0.362074
0.384286
0.408027
0.432461
0.456687
0.479765
0.500751
0.51873
0.532868
0.542446
0.546913
0.545923
0.53937
0.52741
0.510477
0.489281
0.464784
0.438171
0.410797
0.384125
0.359646
0.338797
0.322877
0.312958
0.309807
0.313825
0.324991
0.342842
0.366465
0.394522
0.425297
0.456774
0.486727
0.51284
0.532826
0.544562
0.546213
0.536353
0.514062
0.479006
0.431482
0.37243
0.303408
0.226538
0.144409
0.0599516
-0.0237084
-0.103414
-0.176153
-0.239224
-0.290397
-0.328054
-0.351289
-0.359983
-0.354826
-0.337304
-0.309627
-0.274625
-0.235601
-0.19615
-0.159958
-0.130594
-0.111296
-0.104777
-0.113048
-0.137287
-0.177741
-0.23369
-0.303457
-0.384481
-0.473434
-0.566394
-0.659052
-0.746949
-0.825722
-0.891358
-0.940431
-0.970313
-0.979338
-0.966924
-0.933632
-0.881159
-0.812271
-0.730671
-0.640809
-0.547652
-0.456415
-0.372272
-0.300068
-0.244045
-0.207587
-0.193027
-0.20149
-0.232823
-0.285579
-0.357082
-0.44357
-0.540386
-0.642238
-0.743492
-0.838492
-0.921881
-0.988921
-1.03577
-1.05971
-1.05934
-1.03467
-0.987126
-0.91951
-0.835861
-0.741235
-0.641437
-0.5427
-0.451336
-0.373375
-0.31422
-0.278326
-0.268934
-0.287868
-0.335407
-0.410249
-0.50956
-0.629111
-0.763498
-0.906429
-1.05106
-1.1904
-1.31765
-1.42662
-1.51211
-1.57013
-1.59822
-1.59554
-1.56297
-1.50304
-1.41983
-1.31872
-1.20611
-1.08907
-0.974908
-0.870797
-0.783331
-0.718151
-0.679615
-0.670537
-0.692006
-0.743312
-0.821963
-0.923819
-1.0433
-1.17371
-1.30759
-1.43712
-1.55463
-1.65295
-1.72589
-1.76856
-1.77769
-1.75183
-1.69141
-1.59878
-1.47809
-1.33504
-1.17661
-1.01064
-0.845457
-0.689329
-0.550069
-0.434562
-0.348383
-0.295475
-0.277921
-0.295821
-0.347276
-0.428493
-0.53399
-0.656903
-0.789373
-0.922987
-1.04926
-1.16011
-1.24835
-1.30804
-1.33493
-1.3266
-1.28269
-1.20492
-1.09696
-0.964278
-0.813801
-0.653563
-0.492229
-0.338617
-0.201188
-0.0875682
-0.00411045
0.0444771
0.055406
0.027977
-0.036368
-0.134116
-0.259869
-0.406639
-0.566234
-0.729714
-0.887887
-1.03183
-1.15337
-1.24558
-1.30315
-1.32267
-1.30285
-1.24458
-1.1509
-1.02681
-0.878972
-0.715375
-0.544849
-0.376578
-0.219571
-0.0821549
0.0285062
0.106817
0.149072
0.153671
0.121211
0.05446
-0.0418035
-0.161054
-0.295389
-0.435979
-0.573565
-0.698986
-0.803704
-0.880286
-0.922834
-0.927322
-0.891829
-0.816656
-0.704313
-0.559383
-0.388271
-0.198846
1.28034e-14
0.198846
0.388271
0.559383
0.704313
0.816656
0.891829
0.927322
0.922834
0.880286
0.803704
0.698986
0.573565
0.435979
0.295389
0.161054
0.0418035
-0.05446
-0.121211
-0.153671
-0.149072
-0.106817
-0.0285062
0.0821549
0.219571
0.376578
0.544849
0.715375
0.878972
1.02681
1.1509
1.24458
1.30285
1.32267
1.30315
1.24558
1.15337
1.03183
0.887887
0.729714
0.566234
0.406639
0.259869
0.134116
0.036368
-0.027977
-0.055406
-0.0444771
0.00411045
0.0875682
0.201188
0.338617
0.492229
0.653563
0.813801
0.964278
1.09696
1.20492
1.28269
1.3266
1.33493
1.30804
1.24835
1.16011
1.04926
0.922987
0.789373
0.656903
0.53399
0.428493
0.347276
0.295821
0.277921
0.295475
0.348383
0.434562
0.550069
0.689329
0.845457
1.01064
1.17661
1.33504
1.47809
1.59878
1.69141
1.75183
1.77769
1.76856
1.72589
1.65295
1.55463
1.43712
1.30759
1.17371
1.0433
0.923819
0.821963
0.743312
0.692006
0.670537
0.679615
0.718151
0.783331
0.870797
0.974908
1.08907
1.20611
1.31872
1.41983
1.50304
1.56297
1.59554
1.59822
1.57013
1.51211
1.42662
1.31765
1.1904
1.05106
0.906429
0.763498
0.629111
0.50956
0.410249
0.335407
0.287868
0.268934
0.278326
0.31422
0.373375
0.451336
0.5427
0.641437
0.741235
0.835861
0.91951
0.987126
1.03467
1.05934
1.05971
1.03577
0.988921
0.921881
0.838492
0.743492
0.642238
0.540386
0.44357
0.357082
0.285579
0.232823
0.20149
0.193027
0.207587
0.244045
0.300068
0.372272
0.456415
0.547652
0.640809
0.730671
0.812271
0.881159
0.933632
0.966924
0.979338
0.970313
0.940431
0.891358
0.825722
0.746949
0.659052
0.566394
0.473434
0.384481
0.303457
0.23369
0.177741
0.137287
0.113048
0.104777
0.111296
0.130594
0.159958
0.19615
0.235601
0.274625
0.309627
0.337304
0.354826
0.359983
0.351289
0.328054
0.290397
0.239224
0.176153
0.103414
0.0237084
-0.0599516
-0.144409
-0.226538
-0.303408
-0.37243
-0.431482
-0.479006
-0.514062
-0.536353
-0.546213
-0.544562
-0.532826
-0.51284
-0.486727
-0.456774
-0.425297
-0.394522
-0.366465
-0.342842
-0.324991
-0.313825
-0.309807
-0.312958
-0.322877
-0.338797
-0.359646
-0.384125
-0.410797
-0.438171
-0.464784
-0.489281
-0.510477
-0.52741
-0.53937
-0.545923
-0.546913
-0.542446
-0.532868
-0.51873
-0.500751
-0.479765
-0.456687
-0.432461
-0.408027
-0.384286
-0.362074
-0.342144
-0.325153
-0.311654
-0.302096
-0.296822
-0.296076
-0.3
-0.308642
-0.321952
-0.339786
-0.361899
-0.387944
-0.417471
-0.449925
-0.484648
-0.520884
-0.557794
-0.594477
-0.629991
-0.663388
-0.693753
-0.720249
-0.742156
-0.75892
-0.770194
-0.775869
-0.7761
-0.771319
-0.762233
-0.749803
-0.735212
-0.719814
-0.705069
-0.692465
-0.68344
-0.679289
-0.681082
-0.689586
-0.705198
-0.727897
-0.757218
-0.792244
-0.831637
-0.87368
-0.916354
-0.957431
-0.994594
-1.02555
-1.04819
-1.06065
-1.06153
-1.04989
-1.0254
-0.988358
-0.939699
-0.880981
-0.814324
-0.742314
-0.667882
-0.594151
-0.524277
-0.461271
-0.407832
-0.366188
-0.337958
-0.324044
-0.324564
-0.338827
-0.365346
-0.401909
-0.445684
-0.493368
-0.541364
-0.585983
-0.623658
-0.651146
-0.665736
-0.665414
-0.649001
-0.616249
-0.567877
-0.50556
-0.431858
-0.350099
-0.264202
-0.178476
-0.097379
-0.0252729
0.033831
0.0765081
0.100129
0.103031
0.0846329
0.0454955
-0.0126824
-0.087134
-0.174156
-0.269297
-0.367589
-0.463817
-0.552806
-0.629708
-0.690284
-0.731146
-0.749964
-0.745608
-0.718233
-0.669286
-0.601439
-0.518457
-0.424995
-0.326345
-0.228139
-0.136035
-0.0553867
0.00906629
0.053481
0.0751467
0.0726589
0.0460206
-0.00333521
-0.0726044
-0.157751
-0.253716
-0.354697
-0.454459
-0.546691
-0.625362
-0.68507
-0.721358
-0.730987
-0.712132
-0.664514
-0.589435
-0.48973
-0.369626
-0.234529
-0.0907303
0.054931
0.195448
0.324034
0.434508
0.521645
0.581478
0.611533
0.610977
0.580683
0.523187
0.442562
0.344192
0.234479
0.120484
0.00952608
-0.0912303
-0.175191
-0.236714
-0.271441
-0.276561
-0.250984
-0.195422
-0.112366
-0.00595722
0.118226
0.253481
0.392344
0.527017
0.649802
0.753545
0.832046
0.880423
0.895403
0.87552
0.821222
0.734856
0.620561
0.484044
0.332278
0.173117
0.014861
-0.134203
-0.26627
-0.374455
-0.453184
-0.498516
-0.508367
-0.482642
-0.423237
-0.33395
-0.220261
-0.089038
0.0518598
0.194018
0.32895
0.448578
0.545697
0.614391
0.650379
0.651264
0.616683
0.548338
0.449909
0.326854
0.18611
0.0357029
-0.115701
-0.259288
-0.386598
-0.490005
-0.563158
-0.601353
-0.6018
-0.563804
-0.488807
-0.380324
-0.243755
-0.0860885
0.0844807
0.25901
0.428307
0.583442
0.716253
0.819804
0.888773
0.91976
0.911472
0.864803
0.78278
0.670397
0.534329
0.382555
0.223905
0.0675606
-0.0774704
-0.202864
-0.301458
-0.367658
-0.397762
-0.39017
-0.345482
-0.266467
-0.157906
-0.0263274
0.120366
0.273342
0.423339
0.561196
0.678371
0.76743
0.822472
0.839471
0.816502
0.753865
0.654068
0.521693
0.363141
0.18628
-3.2552e-14
-0.18628
-0.363141
-0.521693
-0.654068
-0.753865
-0.816502
-0.839471
-0.822472
-0.76743
-0.678371
-0.561196
-0.423339
-0.273342
-0.120366
0.0263274
0.157906
0.266467
0.345482
0.39017
0.397762
0.367658
0.301458
0.202864
0.0774704
-0.0675606
-0.223905
-0.382555
-0.534329
-0.670397
-0.78278
-0.864803
-0.911472
-0.91976
-0.888773
-0.819804
-0.716253
-0.583442
-0.428307
-0.25901
-0.0844807
0.0860885
0.243755
0.380324
0.488807
0.563804
0.6018
0.601353
0.563158
0.490005
0.386598
0.259288
0.115701
-0.0357029
-0.18611
-0.326854
-0.449909
-0.548338
-0.616683
-0.651264
-0.650379
-0.614391
-0.545697
-0.448578
-0.32895
-0.194018
-0.0518598
0.089038
0.220261
0.33395
0.423237
0.482642
0.508367
0.498516
0.453184
0.374455
0.26627
0.134203
-0.014861
-0.173117
-0.332278
-0.484044
-0.620561
-0.734856
-0.821222
-0.87552
-0.895403
-0.880423
-0.832046
-0.753545
-0.649802
-0.527017
-0.392344
-0.253481
-0.118226
0.00595722
0.112366
0.195422
0.250984
0.276561
0.271441
0.236714
0.175191
0.0912303
-0.00952608
-0.120484
-0.234479
-0.344192
-0.442562
-0.523187
-0.580683
-0.610977
-0.611533
-0.581478
-0.521645
-0.434508
-0.324034
-0.195448
-0.054931
0.0907303
0.234529
0.369626
0.48973
0.589435
0.664514
0.712132
0.730987
0.721358
0.68507
0.625362
0.546691
0.454459
0.354697
0.253716
0.157751
0.0726044
0.00333521
-0.0460206
-0.0726589
-0.0751467
-0.053481
-0.00906629
0.0553867
0.136035
0.228139
0.326345
0.424995
0.518457
0.601439
0.669286
0.718233
0.745608
0.749964
0.731146
0.690284
0.629708
0.552806
0.463817
0.367589
0.269297
0.174156
0.087134
0.0126824
-0.0454955
-0.0846329
-0.103031
-0.100129
-0.0765081
-0.033831
0.0252729
0.097379
0.178476
0.264202
0.350099
0.431858
0.50556
0.567877
0.616249
0.649001
0.665414
0.665736
0.651146
0.623658
0.585983
0.541364
0.493368
0.445684
0.401909
0.365346
0.338827
0.324564
0.324044
0.337958
0.366188
0.407832
0.461271
0.524277
0.594151
0.667882
0.742314
0.814324
0.880981
0.939699
0.988358
1.0254
1.04989
1.06153
1.06065
1.04819
1.02555
0.994594
0.957431
0.916354
0.87368
0.831637
0.792244
0.757218
0.727897
0.705198
0.689586
0.681082
0.679289
0.68344
0.692465
0.705069
0.719814
0.735212
0.749803
0.762233
0.771319
0.7761
0.775869
0.770194
0.75892
0.742156
0.720249
0.693753
0.663388
0.629991
0.594477
0.557794
0.520884
0.484648
0.449925
0.417471
0.387944
0.361899
0.339786
0.321952
0.308642
0.3
0.296076
0.296822
0.302096
0.311654
0.325153
0.342144
0.362074
0.384286
0.408027
0.432461
0.456687
0.479765
0.500751
0.51873
0.532868
0.542446
0.546913
0.545923
0.53937
0.52741
0.510477
0.489281
0.464784
0.438171
0.410797
0.384125
0.359646
0.338797
0.322877
0.312958
0.309807
0.313825
0.324991
0.342842
0.366465
0.394522
0.425297
0.456774
0.486727
0.51284
0.532826
0.544562
0.546213
0.536353
0.514062
0.479006
0.431482
0.37243
0.303408
0.226538
0.144409
0.0599516
-0.0237084
-0.103414
-0.176153
-0.239224
-0.290397
-0.328054
-0.351289
-0.359983
-0.354826
-0.337304
-0.309627
-0.274625
-0.235601
-0.19615
-0.159958
-0.130594
-0.111296
-0.104777
-0.113048
-0.137287
-0.177741
-0.23369
-0.303457
-0.384481
-0.473434
-0.566394
-0.659052
-0.746949
-0.825722
-0.891358
-0.940431
-0.970313
-0.979338
-0.966924
-0.933632
-0.881159
-0.812271
-0.730671
-0.640809
-0.547652
-0.456415
-0.372272
-0.300068
-0.244045
-0.207587
-0.193027
-0.20149
-0.232823
-0.285579
-0.357082
-0.44357
-0.540386
-0.642238
-0.743492
-0.838492
-0.921881
-0.988921
-1.03577
-1.05971
-1.05934
-1.03467
-0.987126
-0.91951
-0.835861
-0.741235
-0.641437
-0.5427
-0.451336
-0.373375
-0.31422
-0.278326
-0.268934
-0.287868
-0.335407
-0.410249
-0.50956
-0.629111
-0.763498
-0.906429
-1.05106
-1.1904
-1.31765
-1.42662
-1.51211
-1.57013
-1.59822
-1.59554
-1.56297
-1.50304
-1.41983
-1.31872
-1.20611
-1.08907
-0.974908
-0.870797
-0.783331
-0.718151
-0.679615
-0.670537
-0.692006
-0.743312
-0.821963
-0.923819
-1.0433
-1.17371
-1.30759
-1.43712
-1.55463
-1.65295
-1.72589
-1.76856
-1.77769
-1.75183
-1.69141
-1.59878
-1.47809
-1.33504
-1.17661
-1.01064
-0.845457
-0.689329
-0.550069
-0.434562
-0.348383
-0.295475
-0.277921
-0.295821
-0.347276
-0.428493
-0.53399
-0.656903
-0.789373
-0.922987
-1.04926
-1.16011
-1.24835
-1.30804
-1.33493
-1.3266
-1.28269
-1.20492
-1.09696
-0.964278
-0.813801
-0.653563
-0.492229
-0.338617
-0.201188
-0.0875682
-0.00411045
0.0444771
0.055406
0.027977
-0.036368
-0.134116
-0.259869
-0.406639
-0.566234
-0.729714
-0.887887
-1.03183
-1.15337
-1.24558
-1.30315
-1.32267
-1.30285
-1.24458
-1.1509
-1.02681
-0.878972
-0.715375
-0.544849
-0.376578
-0.219571
-0.0821549
0.0285062
0.106817
0.149072
0.153671
0.121211
0.05446
-0.0418035
-0.161054
-0.295389
-0.435979
-0.573565
-0.698986
-0.803704
-0.880286
-0.922834
-0.927322
-0.891829
-0.816656
-0.704313
-0.559383
-0.388271
-0.198846
-7.67223e-14
0.198846
0.388271
0.559383
0.704313
0.816656
0.891829
0.927322
0.922834
0.880286
0.803704
0.698986
0.573565
0.435979
0.295389
0.161054
0.0418035
-0.05446
-0.121211
-0.153671
-0.149072
-0.106817
-0.0285062
0.0821549
0.219571
0.376578
0.544849
0.715375
0.878972
1.02681
1.1509
1.24458
1.30285
1.32267
1.30315
1.24558
1.15337
1.03183
0.887887
0.729714
0.566234
0.406639
0.259869
0.134116
0.036368
-0.027977
-0.055406
-0.0444771
0.00411045
0.0875682
0.201188
0.338617
0.492229
0.653563
0.813801
0.964278
1.09696
1.20492
1.28269
1.3266
1.33493
1.30804
1.24835
1.16011
1.04926
0.922987
0.789373
0.656903
0.53399
0.428493
0.347276
0.295821
0.277921
0.295475
0.348383
0.434562
0.550069
0.689329
0.845457
1.01064
1.17661
1.33504
1.47809
1.59878
1.69141
1.75183
1.77769
1.76856
1.72589
1.65295
1.55463
1.43712
1.30759
1.17371
1.0433
0.923819
0.821963
0.743312
0.692006
0.670537
0.679615
0.718151
0.783331
0.870797
0.974908
1.08907
1.20611
1.31872
1.41983
1.50304
1.56297
1.59554
1.59822
1.57013
1.51211
1.42662
1.31765
1.1904
1.05106
0.906429
0.763498
0.629111
0.50956
0.410249
0.335407
0.287868
0.268934
0.278326
0.31422
0.373375
0.451336
0.5427
0.641437
0.741235
0.835861
0.91951
0.987126
1.03467
1.05934
1.05971
1.03577
0.988921
0.921881
0.838492
0.743492
0.642238
0.540386
0.44357
0.357082
0.285579
0.232823
0.20149
0.193027
0.207587
0.244045
0.300068
0.372272
0.456415
0.547652
0.640809
0.730671
0.812271
0.881159
0.933632
0.966924
0.979338
0.970313
0.940431
0.891358
0.825722
0.746949
0.659052
0.566394
0.473434
0.384481
0.303457
0.23369
0.177741
0.137287
0.113048
0.104777
0.111296
0.130594
0.159958
0.19615
0.235601
0.274625
0.309627
0.337304
0.354826
0.359983
0.351289
0.328054
0.290397
0.239224
0.176153
0.103414
0.0237084
-0.0599516
-0.144409
-0.226538
-0.303408
-0.37243
-0.431482
-0.479006
-0.514062
-0.536353
-0.546213
-0.544562
-0.532826
-0.51284
-0.486727
-0.456774
-0.425297
-0.394522
-0.366465
-0.342842
-0.324991
-0.313825
-0.309807
-0.312958
-0.322877
-0.338797
-0.359646
-0.384125
-0.410797
-0.438171
-0.464784
-0.489281
-0.510477
-0.52741
-0.53937
-0.545923
-0.546913
-0.542446
-0.532868
-0.51873
-0.500751
-0.479765
-0.456687
-0.432461
-0.408027
-0.384286
-0.362074
-0.342144
-0.325153
-0.311654
-0.302096
-0.296822
-0.296076
-0.3
-0.308642
-0.321952
-0.339786
-0.361899
-0.387944
-0.417471
-0.449925
-0.484648
-0.520884
-0.557794
-0.594477
-0.629991
-0.663388
-0.693753
-0.720249
-0.742156
-0.75892
-0.770194
-0.775869
-0.7761
-0.771319
-0.762233
-0.749803
-0.735212
-0.719814
-0.705069
-0.692465
-0.68344
-0.679289
-0.681082
-0.689586
-0.705198
-0.727897
-0.757218
-0.792244
-0.831637
-0.87368
-0.916354
-0.957431
-0.994594
-1.02555
-1.04819
-1.06065
-1.06153
-1.04989
-1.0254
-0.988358
-0.939699
-0.880981
-0.814324
-0.742314
-0.667882
-0.594151
-0.524277
-0.461271
-0.407832
-0.366188
-0.337958
-0.324044
-0.324564
-0.338827
-0.365346
-0.401909
-0.445684
-0.493368
-0.541364
-0.585983
-0.623658
-0.651146
-0.665736
-0.665414
-0.649001
-0.616249
-0.567877
-0.50556
-0.431858
-0.350099
-0.264202
-0.178476
-0.097379
-0.0252729
0.033831
0.0765081
0.100129
0.103031
0.0846329
0.0454955
-0.0126824
-0.087134
-0.174156
-0.269297
-0.367589
-0.463817
-0.552806
-0.629708
-0.690284
-0.731146
-0.749964
-0.745608
-0.718233
-0.669286
-0.601439
-0.518457
-0.424995
-0.326345
-0.228139
-0.136035
-0.0553867
0.00906629
0.053481
0.0751467
0.0726589
0.0460206
-0.00333521
-0.0726044
-0.157751
-0.253716
-0.354697
-0.454459
-0.546691
-0.625362
-0.68507
-0.721358
-0.730987
-0.712132
-0.664514
-0.589435
-0.48973
-0.369626
-0.234529
-0.0907303
0.054931
0.195448
0.324034
0.434508
0.521645
0.581478
0.611533
0.610977
0.580683
0.523187
0.442562
0.344192
0.234479
0.120484
0.00952608
-0.0912303
-0.175191
-0.236714
-0.271441
-0.276561
-0.250984
-0.195422
-0.112366
-0.00595722
0.118226
0.253481
0.392344
0.527017
0.649802
0.753545
0.832046
0.880423
0.895403
0.87552
0.821222
0.734856
0.620561
0.484044
0.332278
0.173117
0.014861
-0.134203
-0.26627
-0.374455
-0.453184
-0.498516
-0.508367
-0.482642
-0.423237
-0.33395
-0.220261
-0.089038
0.0518598
0.194018
0.32895
0.448578
0.545697
0.614391
0.650379
0.651264
0.616683
0.548338
0.449909
0.326854
0.18611
0.0357029
-0.115701
-0.259288
-0.386598
-0.490005
-0.563158
-0.601353
-0.6018
-0.563804
-0.488807
-0.380324
-0.243755
-0.0860885
0.0844807
0.25901
0.428307
0.583442
0.716253
0.819804
0.888773
0.91976
0.911472
0.864803
0.78278
0.670397
0.534329
0.382555
0.223905
0.0675606
-0.0774704
-0.202864
-0.301458
-0.367658
-0.397762
-0.39017
-0.345482
-0.266467
-0.157906
-0.0263274
0.120366
0.273342
0.423339
0.561196
0.678371
0.76743
0.822472
0.839471
0.816502
0.753865
0.654068
0.521693
0.363141
0.18628
4.08519e-14
-0.18628
-0.363141
-0.521693
-0.654068
-0.753865
-0.816502
-0.839471
-0.822472
-0.76743
-0.678371
-0.561196
-0.423339
-0.273342
-0.120366
0.0263274
0.157906
0.266467
0.345482
0.39017
0.397762
0.367658
0.301458
0.202864
0.0774704
-0.0675606
-0.223905
-0.382555
-0.534329
-0.670397
-0.78278
-0.864803
-0.911472
-0.91976
-0.888773
-0.819804
-0.716253
-0.583442
-0.428307
-0.25901
-0.0844807
0.0860885
0.243755
0.380324
0.488807
0.563804
0.6018
0.601353
0.563158
0.490005
0.386598
0.259288
0.115701
-0.0357029
-0.18611
-0.326854
-0.449909
-0.548338
-0.616683
-0.651264
-0.650379
-0.614391
-0.545697
-0.448578
-0.32895
-0.194018
-0.0518598
0.089038
0.220261
0.33395
0.423237
0.482642
0.508367
0.498516
0.453184
0.374455
0.26627
0.134203
-0.014861
-0.173117
-0.332278
-0.484044
-0.620561
-0.734856
-0.821222
-0.87552
-0.895403
-0.880423
-0.832046
-0.753545
-0.649802
-0.527017
-0.392344
-0.253481
-0.118226
0.00595722
0.112366
0.195422
0.250984
0.276561
0.271441
0.236714
0.175191
0.0912303
-0.00952608
-0.120484
-0.234479
-0.344192
-0.442562
-0.523187
-0.580683
-0.610977
-0.611533
-0.581478
-0.521645
-0.434508
-0.324034
-0.195448
-0.054931
0.0907303
0.234529
0.369626
0.48973
0.589435
0.664514
0.712132
0.730987
0.721358
0.68507
0.625362
0.546691
0.454459
0.354697
0.253716
0.157751
0.0726044
0.00333521
-0.0460206
-0.0726589
-0.0751467
-0.053481
-0.00906629
0.0553867
0.136035
0.228139
0.326345
0.424995
0.518457
0.601439
0.669286
0.718233
0.745608
0.749964
0.731146
0.690284
0.629708
0.552806
0.463817
0.367589
0.269297
0.174156
0.087134
0.0126824
-0.0454955
-0.0846329
-0.103031
-0.100129
-0.0765081
-0.033831
0.0252729
0.097379
0.178476
0.264202
0.350099
0.431858
0.50556
0.567877
0.616249
0.649001
0.665414
0.665736
0.651146
0.623658
0.585983
0.541364
0.493368
0.445684
0.401909
0.365346
0.338827
0.324564
0.324044
0.337958
0.366188
0.407832
0.461271
0.524277
0.594151
0.667882
0.742314
0.814324
0.880981
0.939699
0.988358
1.0254
1.04989
1.06153
1.06065
1.04819
1.02555
0.994594
0.957431
0.916354
0.87368
0.831637
0.792244
0.757218
0.727897
0.705198
0.689586
0.681082
0.679289
0.68344
0.692465
0.705069
0.719814
0.735212
0.749803
0.762233
0.771319
0.7761
0.775869
0.770194
0.75892
0.742156
0.720249
0.693753
0.663388
0.629991
0.594477
0.557794
0.520884
0.484648
0.449925
0.417471
0.387944
0.361899
0.339786
0.321952
0.308642
0.3
0.296076
0.296822
0.302096
0.311654
0.325153
0.342144
0.362074
0.384286
0.408027
0.432461
0.456687
0.479765
0.500751
0.51873
0.532868
0.542446
0.546913
0.545923
0.53937
0.52741
0.510477
0.489281
0.464784
0.438171
0.410797
0.384125
0.359646
0.338797
0.322877
0.312958
0.309807
0.313825
0.324991
0.342842
0.366465
0.394522
0.425297
0.456774
0.486727
0.51284
0.532826
0.544562
0.546213
0.536353
0.514062
0.479006
0.431482
0.37243
0.303408
0.226538
0.144409
0.0599516
-0.0237084
-0.103414
-0.176153
-0.239224
-0.290397
-0.328054
-0.351289
-0.359983
-0.354826
-0.337304
-0.309627
-0.274625
-0.235601
-0.19615
-0.159958
-0.130594
-0.111296
-0.104777
-0.113048
-0.137287
-0.177741
-0.23369
-0.303457
-0.384481
-0.473434
-0.566394
-0.659052
-0.746949
-0.825722
-0.891358
-0.940431
-0.970313
-0.979338
-0.966924
-0.933632
-0.881159
-0.812271
-0.730671
-0.640809
-0.547652
-0.456415
-0.372272
-0.300068
-0.244045
-0.207587
-0.193027
-0.20149
-0.232823
-0.285579
-0.357082
-0.44357
-0.540386
-0.642238
-0.743492
-0.838492
-0.921881
-0.988921
-1.03577
-1.05971
-1.05934
-1.03467
-0.987126
-0.91951
-0.835861
-0.741235
-0.641437
-0.5427
-0.451336
-0.373375
-0.31422
-0.278326
-0.268934
-0.287868
-0.335407
-0.410249
-0.50956
-0.629111
-0.763498
-0.906429
-1.05106
-1.1904
-1.31765
-1.42662
-1.51211
-1.57013
-1.59822
-1.59554
-1.56297
-1.50304
-1.41983
-1.31872
-1.20611
-1.08907
-0.974908
-0.870797
-0.783331
-0.718151
-0.679615
-0.670537
-0.692006
-0.743312
-0.821963
-0.923819
-1.0433
-1.17371
-1.30759
-1.43712
-1.55463
-1.65295
-1.72589
-1.76856
-1.77769
-1.75183
-1.69141
-1.59878
-1.47809
-1.33504
-1.17661
-1.01064
-0.845457
-0.689329
-0.550069
-0.434562
-0.348383
-0.295475
-0.277921
-0.295821
-0.347276
-0.428493
-0.53399
-0.656903
-0.789373
-0.922987
-1.04926
-1.16011
-1.24835
-1.30804
-1.33493
-1.3266
-1.28269
-1.20492
-1.09696
-0.964278
-0.813801
-0.653563
-0.492229
-0.338617
-0.201188
-0.0875682
-0.00411045
0.0444771
0.055406
0.027977
-0.036368
-0.134116
-0.259869
-0.406639
-0.566234
-0.729714
-0.887887
-1.03183
-1.15337
-1.24558
-1.30315
-1.32267
-1.30285
-1.24458
-1.1509
-1.02681
-0.878972
-0.715375
-0.544849
-0.376578
-0.219571
-0.0821549
0.0285062
0.106817
0.149072
0.153671
0.121211
0.05446
-0.0418035
-0.161054
-0.295389
-0.435979
-0.573565
-0.698986
-0.803704
-0.880286
-0.922834
-0.927322
-0.891829
-0.816656
-0.704313
-0.559383
-0.388271
-0.198846
4.12305e-14
0.198846
0.388271
0.559383
0.704313
0.816656
0.891829
0.927322
0.922834
0.880286
0.803704
0.698986
0.573565
0.435979
0.295389
0.161054
0.0418035
-0.05446
-0.121211
-0.153671
-0.149072
-0.106817
-0.0285062
0.0821549
0.219571
0.376578
0.544849
0.715375
0.878972
1.02681
1.1509
1.24458
1.30285
1.32267
1.30315
1.24558
1.15337
1.03183
0.887887
0.729714
0.566234
0.406639
0.259869
0.134116
0.036368
-0.027977
-0.055406
-0.0444771
0.00411045
0.0875682
0.201188
0.338617
0.492229
0.653563
0.813801
0.964278
1.09696
1.20492
1.28269
1.3266
1.33493
1.30804
1.24835
1.16011
1.04926
0.922987
0.789373
0.656903
0.53399
0.428493
0.347276
0.295821
0.277921
0.295475
0.348383
0.434562
0.550069
0.689329
0.845457
1.01064
1.17661
1.33504
1.47809
1.59878
1.69141
1.75183
1.77769
1.76856
1.72589
1.65295
1.55463
1.43712
1.30759
1.17371
1.0433
0.923819
0.821963
0.743312
0.692006
0.670537
0.679615
0.718151
0.783331
0.870797
0.974908
1.08907
1.20611
1.31872
1.41983
1.50304
1.56297
1.59554
1.59822
1.57013
1.51211
1.42662
1.31765
1.1904
1.05106
0.906429
0.763498
0.629111
0.50956
0.410249
0.335407
0.287868
0.268934
0.278326
0.31422
0.373375
0.451336
0.5427
0.641437
0.741235
0.835861
0.91951
0.987126
1.03467
1.05934
1.05971
1.03577
0.988921
0.921881
0.838492
0.743492
0.642238
0.540386
0.44357
0.357082
0.285579
0.232823
0.20149
0.193027
0.207587
0.244045
0.300068
0.372272
0.456415
0.547652
0.640809
0.730671
0.812271
0.881159
0.933632
0.966924
0.979338
0.970313
0.940431
0.891358
0.825722
0.746949
0.659052
0.566394
0.473434
0.384481
0.303457
0.23369
0.177741
0.137287
0.113048
0.104777
0.111296
0.130594
0.159958
0.19615
0.235601
0.274625
0.309627
0.337304
0.354826
0.359983
0.351289
0.328054
0.290397
0.239224
0.176153
0.103414
0.0237084
-0.0599516
-0.144409
-0.226538
-0.303408
-0.37243
-0.431482
-0.479006
-0.514062
-0.536353
-0.546213
-0.544562
-0.532826
-0.51284
-0.486727
-0.456774
-0.425297
-0.394522
-0.366465
-0.342842
-0.324991
-0.313825
-0.309807
-0.312958
-0.322877
-0.338797
-0.359646
-0.384125
-0.410797
-0.438171
-0.464784
-0.489281
-0.510477
-0.52741
-0.53937
-0.545923
-0.546913
-0.542446
-0.532868
-0.51873
-0.500751
-0.479765
-0.456687
-0.432461
-0.408027
-0.384286
-0.362074
-0.342144
-0.325153
-0.311654
-0.302096
-0.296822
-0.296076
-0.3
-0.308642
-0.321952
-0.339786
-0.361899
-0.387944
-0.417471
-0.449925
-0.484648
-0.520884
-0.557794
-0.594477
-0.629991
-0.663388
-0.693753
-0.720249
-0.742156
-0.75892
-0.770194
-0.775869
-0.7761
-0.771319
-0.762233
-0.749803
-0.735212
-0.719814
-0.705069
-0.692465
-0.68344
-0.679289
-0.681082
-0.689586
-0.705198
-0.727897
-0.757218
-0.792244
-0.831637
-0.87368
-0.916354
-0.957431
-0.994594
-1.02555
-1.04819
-1.06065
-1.06153
-1.04989
-1.0254
-0.988358
-0.939699
-0.880981
-0.814324
-0.742314
-0.667882
-0.594151
-0.524277
-0.461271
-0.407832
-0.366188
-0.337958
-0.324044
-0.324564
-0.338827
-0.365346
-0.401909
-0.445684
-0.493368
-0.541364
-0.585983
-0.623658
-0.651146
-0.665736
-0.665414
-0.649001
-0.616249
-0.567877
-0.50556
-0.431858
-0.350099
-0.264202
-0.178476
-0.097379
-0.0252729
0.033831
0.0765081
0.100129
0.103031
0.0846329
0.0454955
-0.0126824
-0.087134
-0.174156
-0.269297
-0.367589
-0.463817
-0.552806
-0.629708
-0.690284
-0.731146
-0.749964
-0.745608
-0.718233
-0.669286
-0.601439
-0.518457
-0.424995
-0.326345
-0.228139
-0.136035
-0.0553867
0.00906629
0.053481
0.0751467
0.0726589
0.0460206
-0.00333521
-0.0726044
-0.157751
-0.253716
-0.354697
-0.454459
-0.546691
-0.625362
-0.68507
-0.721358
-0.730987
-0.712132
-0.664514
-0.589435
-0.48973
-0.369626
-0.234529
-0.0907303
0.054931
0.195448
0.324034
0.434508
0.521645
0.581478
0.611533
0.610977
0.580683
0.523187
0.442562
0.344192
0.234479
0.120484
0.00952608
-0.0912303
-0.175191
-0.236714
-0.271441
-0.276561
-0.250984
-0.195422
-0.112366
-0.00595722
0.118226
0.253481
0.392344
0.527017
0.649802
0.753545
0.832046
0.880423
0.895403
0.87552
0.821222
0.734856
0.620561
0.484044
0.332278
0.173117
0.014861
-0.134203
-0.26627
-0.374455
-0.453184
-0.498516
-0.508367
-0.482642
-0.423237
-0.33395
-0.220261
-0.089038
0.0518598
0.194018
0.32895
0.448578
0.545697
0.614391
0.650379
0.651264
0.616683
0.548338
0.449909
0.326854
0.18611
0.0357029
-0.115701
-0.259288
-0.386598
-0.490005
-0.563158
-0.601353
-0.6018
-0.563804
-0.488807
-0.380324
-0.243755
-0.0860885
0.0844807
0.25901
0.428307
0.583442
0.716253
0.819804
0.888773
0.91976
0.911472
0.864803
0.78278
0.670397
0.534329
0.382555
0.223905
0.0675606
-0.0774704
-0.202864
-0.301458
-0.367658
-0.397762
-0.39017
-0.345482
-0.266467
-0.157906
-0.0263274
0.120366
0.273342
0.423339
0.561196
0.678371
0.76743
0.822472
0.839471
0.816502
0.753865
0.654068
0.521693
0.363141
0.18628
8.15708e-14
-0.18628
-0.363141
-0.521693
-0.654068
-0.753865
-0.816502
-0.839471
-0.822472
-0.76743
-0.678371
-0.561196
-0.423339
-0.273342
-0.120366
0.0263274
0.157906
0.266467
0.345482
0.39017
0.397762
0.367658
0.301458
0.202864
0.0774704
-0.0675606
-0.223905
-0.382555
-0.534329
-0.670397
-0.78278
-0.864803
-0.911472
-0.91976
-0.888773
-0.819804
-0.716253
-0.583442
-0.428307
-0.25901
-0.0844807
0.0860885
0.243755
0.380324
0.488807
0.563804
0.6018
0.601353
0.563158
0.490005
0.386598
0.259288
0.115701
-0.0357029
-0.18611
-0.326854
-0.449909
-0.548338
-0.616683
-0.651264
-0.650379
-0.614391
-0.545697
-0.448578
-0.32895
-0.194018
-0.0518598
0.089038
0.220261
0.33395
0.423237
0.482642
0.508367
0.498516
0.453184
0.374455
0.26627
0.134203
-0.014861
-0.173117
-0.332278
-0.484044
-0.620561
-0.734856
-0.821222
-0.87552
-0.895403
-0.880423
-0.832046
-0.753545
-0.649802
-0.527017
-0.392344
-0.253481
-0.118226
0.00595722
0.112366
0.195422
0.250984
0.276561
0.271441
0.236714
0.175191
0.0912303
-0.00952608
-0.120484
-0.234479
-0.344192
-0.442562
-0.523187
-0.580683
-0.610977
-0.611533
-0.581478
-0.521645
-0.434508
-0.324034
-0.195448
-0.054931
0.0907303
0.234529
0.369626
0.48973
0.589435
0.664514
0.712132
0.730987
0.721358
0.68507
0.625362
0.546691
0.454459
0.354697
0.253716
0.157751
0.0726044
0.00333521
-0.0460206
-0.0726589
-0.0751467
-0.053481
-0.00906629
0.0553867
0.136035
0.228139
0.326345
0.424995
0.518457
0.601439
0.669286
0.718233
0.745608
0.749964
0.731146
0.690284
0.629708
0.552806
0.463817
0.367589
0.269297
0.174156
0.087134
0.0126824
-0.0454955
-0.0846329
-0.103031
-0.100129
-0.0765081
-0.033831
0.0252729
0.097379
0.178476
0.264202
0.350099
0.431858
0.50556
0.567877
0.616249
0.649001
0.665414
0.665736
0.651146
0.623658
0.585983
0.541364
0.493368
0.445684
0.401909
0.365346
0.338827
0.324564
0.324044
0.337958
0.366188
0.407832
0.461271
0.524277
0.594151
0.667882
0.742314
0.814324
0.880981
0.939699
0.988358
1.0254
1.04989
1.06153
1.06065
1.04819
1.02555
0.994594
0.957431
0.916354
0.87368
0.831637
0.792244
0.757218
0.727897
0.705198
0.689586
0.681082
0.679289
0.68344
0.692465
0.705069
0.719814
0.735212
0.749803
0.762233
0.771319
0.7761
0.775869
0.770194
0.75892
0.742156
0.720249
0.693753
0.663388
0.629991
0.594477
0.557794
0.520884
0.484648
0.449925
0.417471
0.387944
0.361899
0.339786
0.321952
0.308642
0.3
0.296076
0.296822
0.302096
0.311654
0.325153
0.342144
0.362074
0.384286
0.408027
0.432461
0.456687
0.479765
0.500751
0.51873
0.532868
0.542446
0.546913
0.545923
0.53937
0.52741
0.510477
0.489281
0.464784
0.438171
0.410797
0.384125
0.359646
0.338797
0.322877
0.312958
0.309807
0.313825
0.324991
0.342842
0.366465
0.394522
0.425297
0.456774
0.486727
0.51284
0.532826
0.544562
0.546213
0.536353
0.514062
0.479006
0.431482
0.37243
0.303408
0.226538
0.144409
0.0599516
-0.0237084
-0.103414
-0.176153
-0.239224
-0.290397
-0.328054
-0.351289
-0.359983
-0.354826
-0.337304
-0.309627
-0.274625
-0.235601
-0.19615
-0.159958
-0.130594
-0.111296
-0.104777
-0.113048
-0.137287
-0.177741
-0.23369
-0.303457
-0.384481
-0.473434
-0.566394
-0.659052
-0.746949
-0.825722
-0.891358
-0.940431
-0.970313
-0.979338
-0.966924
-0.933632
-0.881159
-0.812271
-0.730671
-0.640809
-0.547652
-0.456415
-0.372272
-0.300068
-0.244045
-0.207587
-0.193027
-0.20149
-0.232823
-0.285579
-0.357082
-0.44357
-0.540386
-0.642238
-0.743492
-0.838492
-0.921881
-0.988921
-1.03577
-1.05971
-1.05934
-1.03467
-0.987126
-0.91951
-0.835861
-0.741235
-0.641437
-0.5427
-0.451336
-0.373375
-0.31422
-0.278326
-0.268934
-0.287868
-0.335407
-0.410249
-0.50956
-0.629111
-0.763498
-0.906429
-1.05106
-1.1904
-1.31765
-1.42662
-1.51211
-1.57013
-1.59822
-1.59554
-1.56297
-1.50304
-1.41983
-1.31872
-1.20611
-1.08907
-0.974908
-0.870797
-0.783331
-0.718151
-0.679615
-0.670537
-0.692006
-0.743312
-0.821963
-0.923819
-1.0433
-1.17371
-1.30759
-1.43712
-1.55463
-1.65295
-1.72589
-1.76856
-1.77769
-1.75183
-1.69141
-1.59878
-1.47809
-1.33504
-1.17661
-1.01064
-0.845457
-0.689329
-0.550069
-0.434562
-0.348383
-0.295475
-0.277921
-0.295821
-0.347276
-0.428493
-0.53399
-0.656903
-0.789373
-0.922987
-1.04926
-1.16011
-1.24835
-1.30804
-1.33493
-1.3266
-1.28269
-1.20492
-1.09696
-0.964278
-0.813801
-0.653563
-0.492229
-0.338617
-0.201188
-0.0875682
-0.00411045
0.0444771
0.055406
0.027977
-0.036368
-0.134116
-0.259869
-0.406639
-0.566234
-0.729714
-0.887887
-1.03183
-1.15337
-1.24558
-1.30315
-1.32267
-1.30285
-1.24458
-1.1509
-1.02681
-0.878972
-0.715375
-0.544849
-0.376578
-0.219571
-0.0821549
0.0285062
0.106817
0.149072
0.153671
0.121211
0.05446
-0.0418035
-0.161054
-0.295389
-0.435979
-0.573565
-0.698986
-0.803704
-0.880286
-0.922834
-0.927322
-0.891829
-0.816656
-0.704313
-0.559383
-0.388271
-0.198846
-4.54529e-14
0.198846
0.388271
0.559383
0.704313
0.816656
0.891829
0.927322
0.922834
0.880286
0.803704
0.698986
0.573565
0.435979
0.295389
0.161054
0.0418035
-0.05446
-0.121211
-0.153671
-0.149072
-0.106817
-0.0285062
0.0821549
0.219571
0.376578
0.544849
0.715375
0.878972
1.02681
1.1509
1.24458
1.30285
1.32267
1.30315
1.24558
1.15337
1.03183
0.887887
0.729714
0.566234
0.406639
0.259869
0.134116
0.036368
-0.027977
-0.055406
-0.0444771
0.00411045
0.0875682
0.201188
0.338617
0.492229
0.653563
0.813801
0.964278
1.09696
1.20492
1.28269
1.3266
1.33493
1.30804
1.24835
1.16011
1.04926
0.922987
0.789373
0.656903
0.53399
0.428493
0.347276
0.295821
0.277921
0.295475
0.348383
0.434562
0.550069
0.689329
0.845457
1.01064
1.17661
1.33504
1.47809
1.59878
1.69141
1.75183
1.77769
1.76856
1.72589
1.65295
1.55463
1.43712
1.30759
1.17371
1.0433
0.923819
0.821963
0.743312
0.692006
0.670537
0.679615
0.718151
0.783331
0.870797
0.974908
1.08907
1.20611
1.31872
1.41983
1.50304
1.56297
1.59554
1.59822
1.57013
1.51211
1.42662
1.31765
1.1904
1.05106
0.906429
0.763498
0.629111
0.50956
0.410249
0.335407
0.287868
0.268934
0.278326
0.31422
0.373375
0.451336
0.5427
0.641437
0.741235
0.835861
0.91951
0.987126
1.03467
1.05934
1.05971
1.03577
0.988921
0.921881
0.838492
0.743492
0.642238
0.540386
0.44357
0.357082
0.285579
0.232823
0.20149
0.193027
0.207587
0.244045
0.300068
0.372272
0.456415
0.547652
0.640809
0.730671
0.812271
0.881159
0.933632
0.966924
0.979338
0.970313
0.940431
0.891358
0.825722
0.746949
0.659052
0.566394
0.473434
0.384481
0.303457
0.23369
0.177741
0.137287
0.113048
0.104777
0.111296
0.130594
0.159958
0.19615
0.235601
0.274625
0.309627
0.337304
0.354826
0.359983
0.351289
0.328054
0.290397
0.239224
0.176153
0.103414
0.0237084
-0.0599516
-0.144409
-0.226538
-0.303408
-0.37243
-0.431482
-0.479006
-0.514062
-0.536353
-0.546213
-0.544562
-0.532826
-0.51284
-0.486727
-0.456774
-0.425297
-0.394522
-0.366465
-0.342842
-0.324991
-0.313825
-0.309807
-0.312958
-0.322877
-0.338797
-0.359646
-0.384125
-0.410797
-0.438171
-0.464784
-0.489281
-0.510477
-0.52741
-0.53937
-0.545923
-0.546913
-0.542446
-0.532868
-0.51873
-0.500751
-0.479765
-0.456687
-0.432461
-0.408027
-0.384286
-0.362074
-0.342144
-0.325153
-0.311654
-0.302096
-0.296822
-0.296076
-0.3
-0.308642
-0.321952
-0.339786
-0.361899
-0.387944
-0.417471
-0.449925
-0.484648
-0.520884
-0.557794
-0.594477
-0.629991
-0.663388
-0.693753
-0.720249
-0.742156
-0.75892
-0.770194
-0.775869
-0.7761
-0.771319
-0.762233
-0.749803
-0.735212
-0.719814
-0.705069
-0.692465
-0.68344
-0.679289
-0.681082
-0.689586
-0.705198
-0.727897
-0.757218
-0.792244
-0.831637
-0.87368
-0.916354
-0.957431
-0.994594
-1.02555
-1.04819
-1.06065
-1.06153
-1.04989
-1.0254
-0.988358
-0.939699
-0.880981
-0.814324
-0.742314
-0.667882
-0.594151
-0.524277
-0.461271
-0.407832
-0.366188
-0.337958
-0.324044
-0.324564
-0.338827
-0.365346
-0.401909
-0.445684
-0.493368
-0.541364
-0.585983
-0.623658
-0.651146
-0.665736
-0.665414
-0.649001
-0.616249
-0.567877
-0.50556
-0.431858
-0.350099
-0.264202
-0.178476
-0.097379
-0.0252729
0.033831
0.0765081
0.100129
0.103031
0.0846329
0.0454955
-0.0126824
-0.087134
-0.174156
-0.269297
-0.367589
-0.463817
-0.552806
-0.629708
-0.690284
-0.731146
-0.749964
-0.745608
-0.718233
-0.669286
-0.601439
-0.518457
-0.424995
-0.326345
-0.228139
-0.136035
-0.0553867
0.00906629
0.053481
0.0751467
0.0726589
0.0460206
-0.00333521
-0.0726044
-0.157751
-0.253716
-0.354697
-0.454459
-0.546691
-0.625362
-0.68507
-0.721358
-0.730987
-0.712132
-0.664514
-0.589435
-0.48973
-0.369626
-0.234529
-0.0907303
0.054931
0.195448
0.324034
0.434508
0.521645
0.581478
0.611533
0.610977
0.580683
0.523187
0.442562
0.344192
0.234479
0.120484
0.00952608
-0.0912303
-0.175191
-0.236714
-0.271441
-0.276561
-0.250984
-0.195422
-0.112366
-0.00595722
0.118226
0.253481
0.392344
0.527017
0.649802
0.753545
0.832046
0.880423
0.895403
0.87552
0.821222
0.734856
0.620561
0.484044
0.332278
0.173117
0.014861
-0.134203
-0.26627
-0.374455
-0.453184
-0.498516
-0.508367
-0.482642
-0.423237
-0.33395
-0.220261
-0.089038
0.0518598
0.194018
0.32895
0.448578
0.545697
0.614391
0.650379
0.651264
0.616683
0.548338
0.449909
0.326854
0.18611
0.0357029
-0.115701
-0.259288
-0.386598
-0.490005
-0.563158
-0.601353
-0.6018
-0.563804
-0.488807
-0.380324
-0.243755
-0.0860885
0.0844807
0.25901
0.428307
0.583442
0.716253
0.819804
0.888773
0.91976
0.911472
0.864803
0.78278
0.670397
0.534329
0.382555
0.223905
0.0675606
-0.0774704
-0.202864
-0.301458
-0.367658
-0.397762
-0.39017
-0.345482
-0.266467
-0.157906
-0.0263274
0.120366
0.273342
0.423339
0.561196
0.678371
0.76743
0.822472
0.839471
0.816502
0.753865
0.654068
0.521693
0.363141
0.18628
-3.11876e-14
-0.18628
-0.363141
-0.521693
-0.654068
-0.753865
-0.816502
-0.839471
-0.822472
-0.76743
-0.678371
-0.561196
-0.423339
-0.273342
-0.120366
0.0263274
0.157906
0.266467
0.345482
0.39017
0.397762
0.367658
0.301458
0.202864
0.0774704
-0.0675606
-0.223905
-0.382555
-0.534329
-0.670397
-0.78278
-0.864803
-0.911472
-0.91976
-0.888773
-0.819804
-0.716253
-0.583442
-0.428307
-0.25901
-0.0844807
0.0860885
0.243755
0.380324
0.488807
0.563804
0.6018
0.601353
0.563158
0.490005
0.386598
0.259288
0.115701
-0.0357029
-0.18611
-0.326854
-0.449909
-0.548338
-0.616683
-0.651264
-0.650379
-0.614391
-0.545697
-0.448578
-0.32895
-0.194018
-0.0518598
0.089038
0.220261
0.33395
0.423237
0.482642
0.508367
0.498516
0.453184
0.374455
0.26627
0.134203
-0.014861
-0.173117
-0.332278
-0.484044
-0.620561
-0.734856
-0.821222
-0.87552
-0.895403
-0.880423
-0.832046
-0.753545
-0.649802
-0.527017
-0.392344
-0.253481
-0.118226
0.00595722
0.112366
0.195422
0.250984
0.276561
0.271441
0.236714
0.175191
0.0912303
-0.00952608
-0.120484
-0.234479
-0.344192
-0.442562
-0.523187
-0.580683
-0.610977
-0.611533
-0.581478
-0.521645
-0.434508
-0.324034
-0.195448
-0.054931
0.0907303
0.234529
0.369626
0.48973
0.589435
0.664514
0.712132
0.730987
0.721358
0.68507
0.625362
0.546691
0.454459
0.354697
0.253716
0.157751
0.0726044
0.00333521
-0.0460206
-0.0726589
-0.0751467
-0.053481
-0.00906629
0.0553867
0.136035
0.228139
0.326345
0.424995
0.518457
0.601439
0.669286
0.718233
0.745608
0.749964
0.731146
0.690284
0.629708
0.552806
0.463817
0.367589
0.269297
0.174156
0.087134
0.0126824
-0.0454955
-0.0846329
-0.103031
-0.100129
-0.0765081
-0.033831
0.0252729
0.097379
0.178476
0.264202
0.350099
0.431858
0.50556
0.567877
0.616249
0.649001
0.665414
0.665736
0.651146
0.623658
0.585983
0.541364
0.493368
0.445684
0.401909
0.365346
0.338827
0.324564
0.324044
0.337958
0.366188
0.407832
0.461271
0.524277
0.594151
0.667882
0.742314
0.814324
0.880981
0.939699
0.988358
1.0254
1.04989
1.06153
1.06065
1.04819
1.02555
0.994594
0.957431
0.916354
0.87368
0.831637
0.792244
0.757218
0.727897
0.705198
0.689586
0.681082
0.679289
0.68344
0.692465
0.705069
0.719814
0.735212
0.749803
0.762233
0.771319
0.7761
0.775869
0.770194
0.75892
0.742156
0.720249
0.693753
0.663388
0.629991
0.594477
0.557794
0.520884
0.484648
0.449925
0.417471
0.387944
0.361899
0.339786
0.321952
0.308642
0.3
0.296076
0.296822
0.302096
0.311654
0.325153
0.342144
0.362074
0.384286
0.408027
0.432461
0.456687
0.479765
0.500751
0.51873
0.532868
0.542446
0.546913
0.545923
0.53937
0.52741
0.510477
0.489281
0.464784
0.438171
0.410797
0.384125
0.359646
0.338797
0.322877
0.312958
0.309807
0.313825
0.324991
0.342842
0.366465
0.394522
0.425297
0.456774
0.486727
0.51284
0.532826
0.544562
0.546213
0.536353
0.514062
0.479006
0.431482
0.37243
0.303408
0.226538
0.144409
0.0599516
-0.0237084
-0.103414
-0.176153
-0.239224
-0.290397
-0.328054
-0.351289
-0.359983
-0.354826
-0.337304
-0.309627
-0.274625
-0.235601
-0.19615
-0.159958
-0.130594
-0.111296
-0.104777
-0.113048
-0.137287
-0.177741
-0.23369
-0.303457
-0.384481
-0.473434
-0.566394
-0.659052
-0.746949
-0.825722
-0.891358
-0.940431
-0.970313
-0.979338
-0.966924
-0.933632
-0.881159
-0.812271
-0.730671
-0.640809
-0.547652
-0.456415
-0.372272
-0.300068
-0.244045
-0.207587
-0.193027
-0.20149
-0.232823
-0.285579
-0.357082
-0.44357
-0.540386
-0.642238
-0.743492
-0.838492
-0.921881
-0.988921
-1.03577
-1.05971
-1.05934
-1.03467
-0.987126
-0.91951
-0.835861
-0.741235
-0.641437
-0.5427
-0.451336
-0.373375
-0.31422
-0.278326
-0.268934
-0.287868
-0.335407
-0.410249
-0.50956
-0.629111
-0.763498
-0.906429
-1.05106
-1.1904
-1.31765
-1.42662
-1.51211
-1.57013
-1.59822
-1.59554
-1.56297
-1.50304
-1.41983
-1.31872
-1.20611
-1.08907
-0.974908
-0.870797
-0.783331
-0.718151
-0.679615
-0.670537
-0.692006
-0.743312
-0.821963
-0.923819
-1.0433
-1.17371
-1.30759
-1.43712
-1.55463
-1.65295
-1.72589
-1.76856
-1.77769
-1.75183
-1.69141
-1.59878
-1.47809
-1.33504
-1.17661
-1.01064
-0.845457
-0.689329
-0.550069
-0.434562
-0.348383
-0.295475
-0.277921
-0.295821
-0.347276
-0.428493
-0.53399
-0.656903
-0.789373
-0.922987
-1.04926
-1.16011
-1.24835
-1.30804
-1.33493
-1.3266
-1.28269
-1.20492
-1.09696
-0.964278
-0.813801
-0.653563
-0.492229
-0.338617
-0.201188
-0.0875682
-0.00411045
0.0444771
0.055406
0.027977
-0.036368
-0.134116
-0.259869
-0.406639
-0.566234
-0.729714
-0.887887
-1.03183
-1.15337
-1.24558
-1.30315
-1.32267
-1.30285
-1.24458
-1.1509
-1.02681
-0.878972
-0.715375
-0.544849
-0.376578
-0.219571
-0.0821549
0.0285062
0.106817
0.149072
0.153671
0.121211
0.05446
-0.0418035
-0.161054
-0.295389
-0.435979
-0.573565
-0.698986
-0.803704
-0.880286
-0.922834
-0.927322
-0.891829
-0.816656
-0.704313
-0.559383
-0.388271
-0.198846
1.02343e-13
0.198846
0.388271
0.559383
0.704313
0.816656
0.891829
0.927322
0.922834
0.880286
0.803704
0.698986
0.573565
0.435979
0.295389
0.161054
0.0418035
-0.05446
-0.121211
-0.153671
-0.149072
-0.106817
-0.0285062
0.0821549
0.219571
0.376578
0.544849
0.715375
0.878972
1.02681
1.1509
1.24458
1.30285
1.32267
1.30315
1.24558
1.15337
1.03183
0.887887
0.729714
0.566234
0.406639
0.259869
0.134116
0.036368
-0.027977
-0.055406
-0.0444771
0.00411045
0.0875682
0.201188
0.338617
0.492229
0.653563
0.813801
0.964278
1.09696
1.20492
1.28269
1.3266
1.33493
1.30804
1.24835
1.16011
1.04926
0.922987
0.789373
0.656903
0.53399
0.428493
0.347276
0.295821
0.277921
0.295475
0.348383
0.434562
0.550069
0.689329
0.845457
1.01064
1.17661
1.33504
1.47809
1.59878
1.69141
1.75183
1.77769
1.76856
1.72589
1.65295
1.55463
1.43712
1.30759
1.17371
1.0433
0.923819
0.821963
0.743312
0.692006
0.670537
0.679615
0.718151
0.783331
0.870797
0.974908
1.08907
1.20611
1.31872
1.41983
1.50304
1.56297
1.59554
1.59822
1.57013
1.51211
1.42662
1.31765
1.1904
1.05106
0.906429
0.763498
0.629111
0.50956
0.410249
0.335407
0.287868
0.268934
0.278326
0.31422
0.373375
0.451336
0.5427
0.641437
0.741235
0.835861
0.91951
0.987126
1.03467
1.05934
1.05971
1.03577
0.988921
0.921881
0.838492
0.743492
0.642238
0.540386
0.44357
0.357082
0.285579
0.232823
0.20149
0.193027
0.207587
0.244045
0.300068
0.372272
0.456415
0.547652
0.640809
0.730671
0.812271
0.881159
0.933632
0.966924
0.979338
0.970313
0.940431
0.891358
0.825722
0.746949
0.659052
0.566394
0.473434
0.384481
0.303457
0.23369
0.177741
0.137287
0.113048
0.104777
0.111296
0.130594
0.159958
0.19615
0.235601
0.274625
0.309627
0.337304
0.354826
0.359983
0.351289
0.328054
0.290397
0.239224
0.176153
0.103414
0.0237084
-0.0599516
-0.144409
-0.226538
-0.303408
-0.37243
-0.431482
-0.479006
-0.514062
-0.536353
-0.546213
-0.544562
-0.532826
-0.51284
-0.486727
-0.456774
-0.425297
-0.394522
-0.366465
-0.342842
-0.324991
-0.313825
-0.309807
-0.312958
-0.322877
-0.338797
-0.359646
-0.384125
-0.410797
-0.438171
-0.464784
-0.489281
-0.510477
-0.52741
-0.53937
-0.545923
-0.546913
-0.542446
-0.532868
-0.51873
-0.500751
-0.479765
-0.456687
-0.432461
-0.408027
-0.384286
-0.362074
-0.342144
-0.325153
-0.311654
-0.302096
-0.296822
-0.296076
-0.3
-0.308642
-0.321952
-0.339786
-0.361899
-0.387944
-0.417471
-0.449925
-0.484648
-0.520884
-0.557794
-0.594477
-0.629991
-0.663388
-0.693753
-0.720249
-0.742156
-0.75892
-0.770194
-0.775869
-0.7761
-0.771319
-0.762233
-0.749803
-0.735212
-0.719814
-0.705069
-0.692465
-0.68344
-0.679289
-0.681082
-0.689586
-0.705198
-0.727897
-0.757218
-0.792244
-0.831637
-0.87368
-0.916354
-0.957431
-0.994594
-1.02555
-1.04819
-1.06065
-1.06153
-1.04989
-1.0254
-0.988358
-0.939699
-0.880981
-0.814324
-0.742314
-0.667882
-0.594151
-0.524277
-0.461271
-0.407832
-0.366188
-0.337958
-0.324044
-0.324564
-0.338827
-0.365346
-0.401909
-0.445684
-0.493368
-0.541364
-0.585983
-0.623658
-0.651146
-0.665736
-0.665414
-0.649001
-0.616249
-0.567877
-0.50556
-0.431858
-0.350099
-0.264202
-0.178476
-0.097379
-0.0252729
0.033831
0.0765081
0.100129
0.103031
0.0846329
0.0454955
-0.0126824
-0.087134
-0.174156
-0.269297
-0.367589
-0.463817
-0.552806
-0.629708
-0.690284
-0.731146
-0.749964
-0.745608
-0.718233
-0.669286
-0.601439
-0.518457
-0.424995
-0.326345
-0.228139
-0.136035
-0.0553867
0.00906629
0.053481
0.0751467
0.0726589
0.0460206
-0.00333521
-0.0726044
-0.157751
-0.253716
-0.354697
-0.454459
-0.546691
-0.625362
-0.68507
-0.721358
-0.730987
-0.712132
-0.664514
-0.589435
-0.48973
-0.369626
-0.234529
-0.0907303
0.054931
0.195448
0.324034
0.434508
0.521645
0.581478
0.611533
0.610977
0.580683
0.523187
0.442562
0.344192
0.234479
0.120484
0.00952608
-0.0912303
-0.175191
-0.236714
-0.271441
-0.276561
-0.250984
-0.195422
-0.112366
-0.00595722
0.118226
0.253481
0.392344
0.527017
0.649802
0.753545
0.832046
0.880423
0.895403
0.87552
0.821222
0.734856
0.620561
0.484044
0.332278
0.173117
0.014861
-0.134203
-0.26627
-0.374455
-0.453184
-0.498516
-0.508367
-0.482642
-0.423237
-0.33395
-0.220261
-0.089038
0.0518598
0.194018
0.32895
0.448578
0.545697
0.614391
0.650379
0.651264
0.616683
0.548338
0.449909
0.326854
0.18611
0.0357029
-0.115701
-0.259288
-0.386598
-0.490005
-0.563158
-0.601353
-0.6018
-0.563804
-0.488807
-0.380324
-0.243755
-0.0860885
0.0844807
0.25901
0.428307
0.583442
0.716253
0.819804
0.888773
0.91976
0.911472
0.864803
0.78278
0.670397
0.534329
0.382555
0.223905
0.0675606
-0.0774704
-0.202864
-0.301458
-0.367658
-0.397762
-0.39017
-0.345482
-0.266467
-0.157906
-0.0263274
0.120366
0.273342
0.423339
0.561196
0.678371
0.76743
0.822472
0.839471
0.816502
0.753865
0.654068
0.521693
0.363141
0.18628
-1.39683e-13
-0.18628
-0.363141
-0.521693
-0.654068
-0.753865
-0.816502
-0.839471
-0.822472
-0.76743
-0.678371
-0.561196
-0.423339
-0.273342
-0.120366
0.0263274
0.157906
0.266467
0.345482
0.39017
0.397762
0.367658
0.301458
0.202864
0.0774704
-0.0675606
-0.223905
-0.382555
-0.534329
-0.670397
-0.78278
-0.864803
-0.911472
-0.91976
-0.888773
-0.819804
-0.716253
-0.583442
-0.428307
-0.25901
-0.0844807
0.0860885
0.243755
0.380324
0.488807
0.563804
0.6018
0.601353
0.563158
0.490005
0.386598
0.259288
0.115701
-0.0357029
-0.18611
-0.326854
-0.449909
-0.548338
-0.616683
-0.651264
-0.650379
-0.614391
-0.545697
-0.448578
-0.32895
-0.194018
-0.0518598
0.089038
0.220261
0.33395
0.423237
0.482642
0.508367
0.498516
0.453184
0.374455
0.26627
0.134203
-0.014861
-0.173117
-0.332278
-0.484044
-0.620561
-0.734856
-0.821222
-0.87552
-0.895403
-0.880423
-0.832046
-0.753545
-0.649802
-0.527017
-0.392344
-0.253481
-0.118226
0.00595722
0.112366
0.195422
0.250984
0.276561
0.271441
0.236714
0.175191
0.0912303
-0.00952608
-0.120484
-0.234479
-0.344192
-0.442562
-0.523187
-0.580683
-0.610977
-0.611533
-0.581478
-0.521645
-0.434508
-0.324034
-0.195448
-0.054931
0.0907303
0.234529
0.369626
0.48973
0.589435
0.664514
0.712132
0.730987
0.721358
0.68507
0.625362
0.546691
0.454459
0.354697
0.253716
0.157751
0.0726044
0.00333521
-0.0460206
-0.0726589
-0.0751467
-0.053481
-0.00906629
0.0553867
0.136035
0.228139
0.326345
0.424995
0.518457
0.601439
0.669286
0.718233
0.745608
0.749964
0.731146
0.690284
0.629708
0.552806
0.463817
0.367589
0.269297
0.174156
0.087134
0.0126824
-0.0454955
-0.0846329
-0.103031
-0.100129
-0.0765081
-0.033831
0.0252729
0.097379
0.178476
0.264202
0.350099
0.431858
0.50556
0.567877
0.616249
0.649001
0.665414
0.665736
0.651146
0.623658
0.585983
0.541364
0.493368
0.445684
0.401909
0.365346
0.338827
0.324564
0.324044
0.337958
0.366188
0.407832
0.461271
0.524277
0.594151
0.667882
0.742314
0.814324
0.880981
0.939699
0.988358
1.0254
1.04989
1.06153
1.06065
1.04819
1.02555
0.994594
0.957431
0.916354
0.87368
0.831637
0.792244
0.757218
0.727897
0.705198
0.689586
0.681082
0.679289
0.68344
0.692465
0.705069
0.719814
0.735212
0.749803
0.762233
0.771319
0.7761
0.775869
0.770194
0.75892
0.742156
0.720249
0.693753
0.663388
0.629991
0.594477
0.557794
0.520884
0.484648
0.449925
0.417471
0.387944
0.361899
0.339786
0.321952
0.308642
0.3
0.296076
0.296822
0.302096
0.311654
0.325153
0.342144
0.362074
0.384286
0.408027
0.432461
0.456687
0.479765
0.500751
0.51873
0.532868
0.542446
0.546913
0.545923
0.53937
0.52741
0.510477
0.489281
0.464784
0.438171
0.410797
0.384125
0.359646
0.338797
0.322877
0.312958
0.309807
0.313825
0.324991
0.342842
0.366465
0.394522
0.425297
0.456774
0.486727
0.51284
0.532826
0.544562
0.546213
0.536353
0.514062
0.479006
0.431482
0.37243
0.303408
0.226538
0.144409
0.0599516
-0.0237084
-0.103414
-0.176153
-0.239224
-0.290397
-0.328054
-0.351289
-0.359983
-0.354826
-0.337304
-0.309627
-0.274625
-0.235601
-0.19615
-0.159958
-0.130594
-0.111296
-0.104777
-0.113048
-0.137287
-0.177741
-0.23369
-0.303457
-0.384481
-0.473434
-0.566394
-0.659052
-0.746949
-0.825722
-0.891358
-0.940431
-0.970313
-0.979338
-0.966924
-0.933632
-0.881159
-0.812271
-0.730671
-0.640809
-0.547652
-0.456415
-0.372272
-0.300068
-0.244045
-0.207587
-0.193027
-0.20149
-0.232823
-0.285579
-0.357082
-0.44357
-0.540386
-0.642238
-0.743492
-0.838492
-0.921881
-0.988921
-1.03577
-1.05971
-1.05934
-1.03467
-0.987126
-0.91951
-0.835861
-0.741235
-0.641437
-0.5427
-0.451336
-0.373375
-0.31422
-0.278326
-0.268934
-0.287868
-0.335407
-0.410249
-0.50956
-0.629111
-0.763498
-0.906429
-1.05106
-1.1904
-1.31765
-1.42662
-1.51211
-1.57013
-1.59822
-1.59554
-1.56297
-1.50304
-1.41983
-1.31872
-1.20611
-1.08907
-0.974908
-0.870797
-0.783331
-0.718151
-0.679615
-0.670537
-0.692006
-0.743312
-0.821963
-0.923819
-1.0433
-1.17371
-1.30759
-1.43712
-1.55463
-1.65295
-1.72589
-1.76856
-1.77769
-1.75183
-1.69141
-1.59878
-1.47809
-1.33504
-1.17661
-1.01064
-0.845457
-0.689329
-0.550069
-0.434562
-0.348383
-0.295475
-0.277921
-0.295821
-0.347276
-0.428493
-0.53399
-0.656903
-0.789373
-0.922987
-1.04926
-1.16011
-1.24835
-1.30804
-1.33493
-1.3266
-1.28269
-1.20492
-1.09696
-0.964278
-0.813801
-0.653563
-0.492229
-0.338617
-0.201188
-0.0875682
-0.00411045
0.0444771
0.055406
0.027977
-0.036368
-0.134116
-0.259869
-0.406639
-0.566234
-0.729714
-0.887887
-1.03183
-1.15337
-1.24558
-1.30315
-1.32267
-1.30285
-1.24458
-1.1509
-1.02681
-0.878972
-0.715375
-0.544849
-0.376578
-0.219571
-0.0821549
0.0285062
0.106817
0.149072
0.153671
0.121211
0.05446
-0.0418035
-0.161054
-0.295389
-0.435979
-0.573565
-0.698986
-0.803704
-0.880286
-0.922834
-0.927322
-0.891829
-0.816656
-0.704313
-0.559383
-0.388271
-0.198846
2.56068e-14
