0  0.156434  0.309017   0.45399  0.587785  0.707107  0.809017  0.891007  0.951057  0.987688         1  0.987688  0.951057  0.891007  0.809017  0.707107  0.587785   0.45399  0.309017  0.156434         0
         0  0.154894  0.305973  0.449519  0.581996  0.700142  0.801049  0.882231  0.941689   0.97796  0.990151   0.97796  0.941689  0.882231  0.801049  0.700142  0.581996  0.449519  0.305973  0.154894         0
         0  0.153368   0.30296  0.445092  0.576264  0.693246  0.793159  0.873541  0.932414  0.968328  0.980398  0.968328  0.932414  0.873541  0.793159  0.693246  0.576264  0.445092   0.30296  0.153368         0
         0  0.151858  0.299976  0.440708  0.570588  0.686418  0.785347  0.864938  0.923231  0.958791  0.970742  0.958791  0.923231  0.864938  0.785347  0.686418  0.570588  0.440708  0.299976  0.151858         0
         0  0.150362  0.297021  0.436367  0.564968  0.679658  0.777612  0.856418  0.914137  0.949347  0.961181  0.949347  0.914137  0.856418  0.777612  0.679658  0.564968  0.436367  0.297021  0.150362         0
         0  0.148881  0.294096  0.432069  0.559403  0.672963  0.769953  0.847983  0.905134  0.939997  0.951714  0.939997  0.905134  0.847983  0.769953  0.672963  0.559403  0.432069  0.294096  0.148881         0
         0  0.147414  0.291199  0.427814  0.553894  0.666335  0.762369  0.839631  0.896219  0.930738   0.94234  0.930738  0.896219  0.839631  0.762369  0.666335  0.553894  0.427814  0.291199  0.147414         0
         0  0.145963  0.288331    0.4236  0.548438  0.659772   0.75486  0.831361  0.887392  0.921571  0.933059  0.921571  0.887392  0.831361   0.75486  0.659772  0.548438    0.4236  0.288331  0.145963         0
         0  0.144525  0.285491  0.419428  0.543036  0.653274  0.747426  0.823173  0.878651  0.912494  0.923869  0.912494  0.878651  0.823173  0.747426  0.653274  0.543036  0.419428  0.285491  0.144525         0
         0  0.143101  0.282679  0.415297  0.537688   0.64684  0.740064  0.815065  0.869997  0.903507  0.914769  0.903507  0.869997  0.815065  0.740064   0.64684  0.537688  0.415297  0.282679  0.143101         0
         0  0.141692  0.279895  0.411206  0.532392  0.640469  0.732775  0.807038  0.861428  0.894608  0.905759  0.894608  0.861428  0.807038  0.732775  0.640469  0.532392  0.411206  0.279895  0.141692         0
         0  0.140296  0.277138  0.407156  0.527148   0.63416  0.725557  0.799089  0.852944  0.885797  0.896838  0.885797  0.852944  0.799089  0.725557   0.63416  0.527148  0.407156  0.277138  0.140296         0
         0  0.138915  0.274409  0.403146  0.521956  0.627914  0.718411  0.791218  0.844543  0.877072  0.888005  0.877072  0.844543  0.791218  0.718411  0.627914  0.521956  0.403146  0.274409  0.138915         0
         0  0.137546  0.271706  0.399175  0.516815   0.62173  0.711335  0.783425  0.836225  0.868434  0.879259  0.868434  0.836225  0.783425  0.711335   0.62173  0.516815  0.399175  0.271706  0.137546         0
         0  0.136192   0.26903  0.395244  0.511725  0.615606  0.704329  0.775709  0.827989   0.85988  0.870599   0.85988  0.827989  0.775709  0.704329  0.615606  0.511725  0.395244   0.26903  0.136192         0
         0   0.13485   0.26638  0.391351  0.506685  0.609543  0.697392  0.768069  0.819833  0.851411  0.862024  0.851411  0.819833  0.768069  0.697392  0.609543  0.506685  0.391351   0.26638   0.13485         0
         0  0.133522  0.263756  0.387496  0.501694  0.603539  0.690523  0.760504  0.811759  0.843025  0.853534  0.843025  0.811759  0.760504  0.690523  0.603539  0.501694  0.387496  0.263756  0.133522         0
         0  0.132207  0.261159   0.38368  0.496753  0.597595  0.683722  0.753013  0.803763  0.834722  0.845127  0.834722  0.803763  0.753013  0.683722  0.597595  0.496753   0.38368  0.261159  0.132207         0
         0  0.130905  0.258586  0.379901   0.49186  0.591709  0.676988  0.745597  0.795847    0.8265  0.836803    0.8265  0.795847  0.745597  0.676988  0.591709   0.49186  0.379901  0.258586  0.130905         0
         0  0.129615  0.256039  0.376159  0.487016  0.585881   0.67032  0.738253  0.788008   0.81836  0.828561   0.81836  0.788008  0.738253   0.67032  0.585881  0.487016  0.376159  0.256039  0.129615         0
         0  0.128339  0.253518  0.372454  0.482219  0.580111  0.663718  0.730982  0.780247    0.8103    0.8204    0.8103  0.780247  0.730982  0.663718  0.580111  0.482219  0.372454  0.253518  0.128339         0
         0  0.127075  0.251021  0.368785   0.47747  0.574397   0.65718  0.723782  0.772562  0.802319   0.81232  0.802319  0.772562  0.723782   0.65718  0.574397   0.47747  0.368785  0.251021  0.127075         0
         0  0.125823  0.248548  0.365153  0.472767  0.568739  0.650708  0.716653  0.764953  0.794416  0.804319  0.794416  0.764953  0.716653  0.650708  0.568739  0.472767  0.365153  0.248548  0.125823         0
         0  0.124584    0.2461  0.361557   0.46811  0.563138  0.644299  0.709595  0.757419  0.786592  0.796397  0.786592  0.757419  0.709595  0.644299  0.563138   0.46811  0.361557    0.2461  0.124584         0
         0  0.123357  0.243676  0.357996    0.4635  0.557591  0.637953  0.702606  0.749958  0.778845  0.788553  0.778845  0.749958  0.702606  0.637953  0.557591    0.4635  0.357996  0.243676  0.123357         0
         0  0.122142  0.241276   0.35447  0.458935  0.552099  0.631669  0.695686  0.742572  0.771173  0.780786  0.771173  0.742572  0.695686  0.631669  0.552099  0.458935   0.35447  0.241276  0.122142         0
         0  0.120939    0.2389  0.350978  0.454414  0.546661  0.625448  0.688834  0.735258  0.763578  0.773096  0.763578  0.735258  0.688834  0.625448  0.546661  0.454414  0.350978    0.2389  0.120939         0
         0  0.119748  0.236547  0.347521  0.449939  0.541277  0.619288  0.682049  0.728016  0.756057  0.765482  0.756057  0.728016  0.682049  0.619288  0.541277  0.449939  0.347521  0.236547  0.119748         0
         0  0.118568  0.234217  0.344099  0.445507  0.535946  0.613188  0.675331  0.720846  0.748611  0.757942  0.748611  0.720846  0.675331  0.613188  0.535946  0.445507  0.344099  0.234217  0.118568         0
         0    0.1174   0.23191  0.340709  0.441119  0.530667  0.607149   0.66868  0.713746  0.741237  0.750477  0.741237  0.713746   0.66868  0.607149  0.530667  0.441119  0.340709   0.23191    0.1174         0
         0  0.116244  0.229626  0.337354  0.436775  0.525441  0.601169  0.662094  0.706716  0.733937  0.743085  0.733937  0.706716  0.662094  0.601169  0.525441  0.436775  0.337354  0.229626  0.116244         0
         0  0.115099  0.227364  0.334031  0.432473  0.520265  0.595247  0.655573  0.699755  0.726708  0.735766  0.726708  0.699755  0.655573  0.595247  0.520265  0.432473  0.334031  0.227364  0.115099         0
         0  0.113966  0.225125  0.330741  0.428213  0.515141  0.589385  0.649116  0.692863   0.71955  0.728519   0.71955  0.692863  0.649116  0.589385  0.515141  0.428213  0.330741  0.225125  0.113966         0
         0  0.112843  0.222908  0.327483  0.423995  0.510067   0.58358  0.642722  0.686039  0.712463  0.721344  0.712463  0.686039  0.642722   0.58358  0.510067  0.423995  0.327483  0.222908  0.112843         0
         0  0.111732  0.220712  0.324258  0.419819  0.505043  0.577832  0.636392  0.679282  0.705446  0.714239  0.705446  0.679282  0.636392  0.577832  0.505043  0.419819  0.324258  0.220712  0.111732         0
         0  0.110631  0.218538  0.321064  0.415684  0.500069   0.57214  0.630124  0.672591  0.698498  0.707205  0.698498  0.672591  0.630124   0.57214  0.500069  0.415684  0.321064  0.218538  0.110631         0
         0  0.109542  0.216386  0.317902   0.41159  0.495144  0.566505  0.623918  0.665967  0.691618  0.700239  0.691618  0.665967  0.623918  0.566505  0.495144   0.41159  0.317902  0.216386  0.109542         0
         0  0.108463  0.214255  0.314771  0.407536  0.490267  0.560926  0.617772  0.659408  0.684806  0.693342  0.684806  0.659408  0.617772  0.560926  0.490267  0.407536  0.314771  0.214255  0.108463         0
         0  0.107394  0.212144   0.31167  0.403522  0.485438  0.555401  0.611688  0.652913  0.678061  0.686513  0.678061  0.652913  0.611688  0.555401  0.485438  0.403522   0.31167  0.212144  0.107394         0
         0  0.106337  0.210055  0.308601  0.399548  0.480657  0.549931  0.605663  0.646482  0.671383  0.679752  0.671383  0.646482  0.605663  0.549931  0.480657  0.399548  0.308601  0.210055  0.106337         0
         0  0.105289  0.207986  0.305561  0.395613  0.475923  0.544514  0.599698  0.640115   0.66477  0.673056   0.66477  0.640115  0.599698  0.544514  0.475923  0.395613  0.305561  0.207986  0.105289         0
         0  0.104252  0.205937  0.302552  0.391716  0.471235  0.539151  0.593791   0.63381  0.658222  0.666427  0.658222   0.63381  0.593791  0.539151  0.471235  0.391716  0.302552  0.205937  0.104252         0
         0  0.103225  0.203909  0.299572  0.387858  0.466594  0.533841  0.587943  0.627567  0.651739  0.659863  0.651739  0.627567  0.587943  0.533841  0.466594  0.387858  0.299572  0.203909  0.103225         0
         0  0.102209  0.201901  0.296621  0.384038  0.461998  0.528583  0.582152  0.621386   0.64532  0.653364   0.64532  0.621386  0.582152  0.528583  0.461998  0.384038  0.296621  0.201901  0.102209         0
         0  0.101202  0.199912    0.2937  0.380255  0.457448  0.523377  0.576418  0.615266  0.638964  0.646929  0.638964  0.615266  0.576418  0.523377  0.457448  0.380255    0.2937  0.199912  0.101202         0
         0  0.100205  0.197943  0.290807   0.37651  0.452942  0.518222  0.570741  0.609206  0.632671  0.640557  0.632671  0.609206  0.570741  0.518222  0.452942   0.37651  0.290807  0.197943  0.100205         0
         0 0.0992183  0.195993  0.287943  0.372802  0.448481  0.513118  0.565119  0.603206  0.626439  0.634248  0.626439  0.603206  0.565119  0.513118  0.448481  0.372802  0.287943  0.195993 0.0992183         0
         0  0.098241  0.194063  0.285107   0.36913  0.444064  0.508064  0.559553  0.597265  0.620269  0.628001  0.620269  0.597265  0.559553  0.508064  0.444064   0.36913  0.285107  0.194063  0.098241         0
         0 0.0972734  0.192152  0.282298  0.365494   0.43969   0.50306  0.554042  0.591382   0.61416  0.621816   0.61416  0.591382  0.554042   0.50306   0.43969  0.365494  0.282298  0.192152 0.0972734         0
         0 0.0963153  0.190259  0.279518  0.361894   0.43536  0.498105  0.548585  0.585557  0.608111  0.615691  0.608111  0.585557  0.548585  0.498105   0.43536  0.361894  0.279518  0.190259 0.0963153         0
         0 0.0953667  0.188385  0.276765   0.35833  0.431072  0.493199  0.543182   0.57979  0.602122  0.609627  0.602122   0.57979  0.543182  0.493199  0.431072   0.35833  0.276765  0.188385 0.0953667         0
         0 0.0944274   0.18653  0.274039  0.354801  0.426826  0.488341  0.537832  0.574079  0.596191  0.603623  0.596191  0.574079  0.537832  0.488341  0.426826  0.354801  0.274039   0.18653 0.0944274         0
         0 0.0934974  0.184693   0.27134  0.351306  0.422622  0.483531  0.532535  0.568425  0.590319  0.597678  0.590319  0.568425  0.532535  0.483531  0.422622  0.351306   0.27134  0.184693 0.0934974         0
         0 0.0925765  0.182873  0.268667  0.347846  0.418459  0.478769  0.527289  0.562826  0.584505  0.591791  0.584505  0.562826  0.527289  0.478769  0.418459  0.347846  0.268667  0.182873 0.0925765         0
         0 0.0916647  0.181072  0.266021   0.34442  0.414338  0.474053  0.522096  0.557283  0.578748  0.585962  0.578748  0.557283  0.522096  0.474053  0.414338   0.34442  0.266021  0.181072 0.0916647         0
         0 0.0907618  0.179289  0.263401  0.341028  0.410257  0.469384  0.516954  0.551794  0.573048  0.580191  0.573048  0.551794  0.516954  0.469384  0.410257  0.341028  0.263401  0.179289 0.0907618         0
         0 0.0898679  0.177523  0.260807  0.337669  0.406216  0.464761  0.511862  0.546359  0.567403  0.574476  0.567403  0.546359  0.511862  0.464761  0.406216  0.337669  0.260807  0.177523 0.0898679         0
         0 0.0889827  0.175774  0.258238  0.334343  0.402215  0.460183  0.506821  0.540978  0.561815  0.568818  0.561815  0.540978  0.506821  0.460183  0.402215  0.334343  0.258238  0.175774 0.0889827         0
         0 0.0881063  0.174043  0.255695   0.33105  0.398254  0.455651  0.501829   0.53565  0.556281  0.563216  0.556281   0.53565  0.501829  0.455651  0.398254   0.33105  0.255695  0.174043 0.0881063         0
         0 0.0872385  0.172329  0.253176  0.327789  0.394331  0.451163  0.496886  0.530374  0.550802  0.557668  0.550802  0.530374  0.496886  0.451163  0.394331  0.327789  0.253176  0.172329 0.0872385         0
         0 0.0863793  0.170632  0.250682  0.324561  0.390447  0.446719  0.491992   0.52515  0.545377  0.552176  0.545377   0.52515  0.491992  0.446719  0.390447  0.324561  0.250682  0.170632 0.0863793         0
         0 0.0855285  0.168951  0.248213  0.321364  0.386601   0.44232  0.487146  0.519978  0.540006  0.546737  0.540006  0.519978  0.487146   0.44232  0.386601  0.321364  0.248213  0.168951 0.0855285         0
         0 0.0846861  0.167287  0.245769  0.318199  0.382794  0.437963  0.482348  0.514856  0.534687  0.541352  0.534687  0.514856  0.482348  0.437963  0.382794  0.318199  0.245769  0.167287 0.0846861         0
         0  0.083852  0.165639  0.243348  0.315065  0.379023  0.433649  0.477597  0.509785  0.529421   0.53602  0.529421  0.509785  0.477597  0.433649  0.379023  0.315065  0.243348  0.165639  0.083852         0
         0 0.0830261  0.164008  0.240951  0.311962   0.37529  0.429378  0.472893  0.504764  0.524206  0.530741  0.524206  0.504764  0.472893  0.429378   0.37529  0.311962  0.240951  0.164008 0.0830261         0
         0 0.0822084  0.162393  0.238578  0.308889  0.371594  0.425149  0.468236  0.499793  0.519043  0.525513  0.519043  0.499793  0.468236  0.425149  0.371594  0.308889  0.238578  0.162393 0.0822084         0
         0 0.0813987  0.160793  0.236228  0.305847  0.367934  0.420962  0.463624   0.49487  0.513931  0.520337  0.513931   0.49487  0.463624  0.420962  0.367934  0.305847  0.236228  0.160793 0.0813987         0
         0  0.080597  0.159209  0.233901  0.302834   0.36431  0.416815  0.459058  0.489996  0.508869  0.515212  0.508869  0.489996  0.459058  0.416815   0.36431  0.302834  0.233901  0.159209  0.080597         0
         0 0.0798031  0.157641  0.231598  0.299851  0.360722   0.41271  0.454536   0.48517  0.503857  0.510138  0.503857   0.48517  0.454536   0.41271  0.360722  0.299851  0.231598  0.157641 0.0798031         0
         0 0.0790171  0.156089  0.229317  0.296898  0.357169  0.408645  0.450059  0.480391  0.498894  0.505113  0.498894  0.480391  0.450059  0.408645  0.357169  0.296898  0.229317  0.156089 0.0790171         0
         0 0.0782389  0.154551  0.227058  0.293974  0.353651   0.40462  0.445626   0.47566  0.493981  0.500138  0.493981   0.47566  0.445626   0.40462  0.353651  0.293974  0.227058  0.154551 0.0782389         0
         0 0.0774683  0.153029  0.224822  0.291078  0.350168  0.400635  0.441237  0.470975  0.489115  0.495212  0.489115  0.470975  0.441237  0.400635  0.350168  0.291078  0.224822  0.153029 0.0774683         0
         0 0.0767052  0.151522  0.222607  0.288212  0.346719  0.396689  0.436891  0.466336  0.484298  0.490335  0.484298  0.466336  0.436891  0.396689  0.346719  0.288212  0.222607  0.151522 0.0767052         0
         0 0.0759498  0.150029  0.220415  0.285373  0.343304  0.392782  0.432588  0.461743  0.479528  0.485505  0.479528  0.461743  0.432588  0.392782  0.343304  0.285373  0.220415  0.150029 0.0759498         0
         0 0.0752017  0.148552  0.218244  0.282562  0.339923  0.388913  0.428328  0.457195  0.474805  0.480723  0.474805  0.457195  0.428328  0.388913  0.339923  0.282562  0.218244  0.148552 0.0752017         0
         0  0.074461  0.147089  0.216094  0.279779  0.336575  0.385083  0.424109  0.452692  0.470128  0.475989  0.470128  0.452692  0.424109  0.385083  0.336575  0.279779  0.216094  0.147089  0.074461         0
         0 0.0737276   0.14564  0.213966  0.277023   0.33326   0.38129  0.419932  0.448233  0.465498    0.4713  0.465498  0.448233  0.419932   0.38129   0.33326  0.277023  0.213966   0.14564 0.0737276         0
         0 0.0730015  0.144205  0.211858  0.274295  0.329977  0.377535  0.415796  0.443819  0.460913  0.466658  0.460913  0.443819  0.415796  0.377535  0.329977  0.274295  0.211858  0.144205 0.0730015         0
         0 0.0722824  0.142785  0.209772  0.271593  0.326727  0.373816    0.4117  0.439447  0.456373  0.462062  0.456373  0.439447    0.4117  0.373816  0.326727  0.271593  0.209772  0.142785 0.0722824         0
         0 0.0715705  0.141379  0.207706  0.268918  0.323509  0.370134  0.407645  0.435119  0.451878  0.457511  0.451878  0.435119  0.407645  0.370134  0.323509  0.268918  0.207706  0.141379 0.0715705         0
         0 0.0708656  0.139986   0.20566   0.26627  0.320323  0.366489   0.40363  0.430833  0.447428  0.453005  0.447428  0.430833   0.40363  0.366489  0.320323   0.26627   0.20566  0.139986 0.0708656         0
         0 0.0701676  0.138607  0.203634  0.263647  0.317168  0.362879  0.399655   0.42659  0.443021  0.448543  0.443021   0.42659  0.399655  0.362879  0.317168  0.263647  0.203634  0.138607 0.0701676         0
         0 0.0694765  0.137242  0.201629   0.26105  0.314044  0.359305  0.395719  0.422388  0.438657  0.444125  0.438657  0.422388  0.395719  0.359305  0.314044   0.26105  0.201629  0.137242 0.0694765         0
         0 0.0687922  0.135891  0.199643  0.258479  0.310951  0.355766  0.391821  0.418228  0.434337  0.439751  0.434337  0.418228  0.391821  0.355766  0.310951  0.258479  0.199643  0.135891 0.0687922         0
         0 0.0681147  0.134552  0.197676  0.255933  0.307888  0.352262  0.387962  0.414109  0.430059   0.43542  0.430059  0.414109  0.387962  0.352262  0.307888  0.255933  0.197676  0.134552 0.0681147         0
         0 0.0674438  0.133227  0.195729  0.253413  0.304856  0.348792  0.384141   0.41003  0.425823  0.431131  0.425823   0.41003  0.384141  0.348792  0.304856  0.253413  0.195729  0.133227 0.0674438         0
         0 0.0667795  0.131915  0.193802  0.250917  0.301853  0.345357  0.380357  0.405992  0.421629  0.426885  0.421629  0.405992  0.380357  0.345357  0.301853  0.250917  0.193802  0.131915 0.0667795         0
         0 0.0661218  0.130615  0.191893  0.248445   0.29888  0.341955  0.376611  0.401993  0.417476   0.42268  0.417476  0.401993  0.376611  0.341955   0.29888  0.248445  0.191893  0.130615 0.0661218         0
         0 0.0654705  0.129329  0.190003  0.245998  0.295936  0.338587  0.372901  0.398033  0.413364  0.418517  0.413364  0.398033  0.372901  0.338587  0.295936  0.245998  0.190003  0.129329 0.0654705         0
         0 0.0648257  0.128055  0.188131  0.243575  0.293022  0.335253  0.369229  0.394113  0.409293  0.414395  0.409293  0.394113  0.369229  0.335253  0.293022  0.243575  0.188131  0.128055 0.0648257         0
         0 0.0641872  0.126794  0.186278  0.241176  0.290135  0.331951  0.365592  0.390231  0.405262  0.410314  0.405262  0.390231  0.365592  0.331951  0.290135  0.241176  0.186278  0.126794 0.0641872         0
         0  0.063555  0.125545  0.184444  0.238801  0.287278  0.328681  0.361991  0.386388   0.40127  0.406272   0.40127  0.386388  0.361991  0.328681  0.287278  0.238801  0.184444  0.125545  0.063555         0
         0  0.062929  0.124308  0.182627  0.236449  0.284448  0.325444  0.358426  0.382582  0.397318  0.402271  0.397318  0.382582  0.358426  0.325444  0.284448  0.236449  0.182627  0.124308  0.062929         0
         0 0.0623092  0.123084  0.180828   0.23412  0.281647  0.322238  0.354896  0.378814  0.393405  0.398309  0.393405  0.378814  0.354896  0.322238  0.281647   0.23412  0.180828  0.123084 0.0623092         0
         0 0.0616955  0.121872  0.179047  0.231814  0.278873  0.319065    0.3514  0.375083   0.38953  0.394386   0.38953  0.375083    0.3514  0.319065  0.278873  0.231814  0.179047  0.121872 0.0616955         0
         0 0.0610878  0.120671  0.177284  0.229531  0.276126  0.315922  0.347939  0.371389  0.385693  0.390501  0.385693  0.371389  0.347939  0.315922  0.276126  0.229531  0.177284  0.120671 0.0610878         0
         0 0.0604862  0.119483  0.175538   0.22727  0.273406   0.31281  0.344512  0.367731  0.381895  0.386655  0.381895  0.367731  0.344512   0.31281  0.273406   0.22727  0.175538  0.119483 0.0604862         0
         0 0.0598904  0.118306  0.173809  0.225032  0.270713  0.309729  0.341119  0.364109  0.378133  0.382847  0.378133  0.364109  0.341119  0.309729  0.270713  0.225032  0.173809  0.118306 0.0598904         0
         0 0.0593005  0.117141  0.172097  0.222815  0.268047  0.306679  0.337759  0.360523  0.374409  0.379076  0.374409  0.360523  0.337759  0.306679  0.268047  0.222815  0.172097  0.117141 0.0593005         0
         0 0.0587165  0.115987  0.170402  0.220621  0.265407  0.303658  0.334432  0.356972  0.370721  0.375342  0.370721  0.356972  0.334432  0.303658  0.265407  0.220621  0.170402  0.115987 0.0587165         0
         0 0.0581381  0.114845  0.168723  0.218448  0.262793  0.300667  0.331138  0.353456   0.36707  0.371645   0.36707  0.353456  0.331138  0.300667  0.262793  0.218448  0.168723  0.114845 0.0581381         0
         0 0.0575655  0.113714  0.167062  0.216296  0.260205  0.297706  0.327877  0.349974  0.363454  0.367985  0.363454  0.349974  0.327877  0.297706  0.260205  0.216296  0.167062  0.113714 0.0575655         0
         0 0.0569985  0.112594  0.165416  0.214166  0.257642  0.294774  0.324648  0.346527  0.359875   0.36436  0.359875  0.346527  0.324648  0.294774  0.257642  0.214166  0.165416  0.112594 0.0569985         0
         0 0.0564371  0.111485  0.163787  0.212056  0.255104   0.29187   0.32145  0.343114   0.35633  0.360772   0.35633  0.343114   0.32145   0.29187  0.255104  0.212056  0.163787  0.111485 0.0564371         0
         0 0.0558813  0.110387  0.162174  0.209968  0.252592  0.288996  0.318284  0.339735   0.35282  0.357218   0.35282  0.339735  0.318284  0.288996  0.252592  0.209968  0.162174  0.110387 0.0558813         0
         0 0.0553309  0.109299  0.160576    0.2079  0.250104  0.286149  0.315149  0.336389  0.349345    0.3537  0.349345  0.336389  0.315149  0.286149  0.250104    0.2079  0.160576  0.109299 0.0553309         0
         0 0.0547859  0.108223  0.158995  0.205852   0.24764  0.283331  0.312045  0.333076  0.345905  0.350216  0.345905  0.333076  0.312045  0.283331   0.24764  0.205852  0.158995  0.108223 0.0547859         0
         0 0.0542463  0.107157  0.157429  0.203824  0.245201   0.28054  0.308972  0.329795  0.342498  0.346767  0.342498  0.329795  0.308972   0.28054  0.245201  0.203824  0.157429  0.107157 0.0542463         0
         0  0.053712  0.106101  0.155878  0.201817  0.242786  0.277777  0.305928  0.326547  0.339124  0.343352  0.339124  0.326547  0.305928  0.277777  0.242786  0.201817  0.155878  0.106101  0.053712         0
         0  0.053183  0.105056  0.154343  0.199829  0.240395  0.275041  0.302915   0.32333  0.335784   0.33997  0.335784   0.32333  0.302915  0.275041  0.240395  0.199829  0.154343  0.105056  0.053183         0
         0 0.0526592  0.104022  0.152823  0.197861  0.238027  0.272332  0.299932  0.320146  0.332477  0.336621  0.332477  0.320146  0.299932  0.272332  0.238027  0.197861  0.152823  0.104022 0.0526592         0
         0 0.0521405  0.102997  0.151318  0.195912  0.235683   0.26965  0.296978  0.316993  0.329202  0.333306  0.329202  0.316993  0.296978   0.26965  0.235683  0.195912  0.151318  0.102997 0.0521405         0
         0  0.051627  0.101983  0.149827  0.193983  0.233361  0.266994  0.294053   0.31387   0.32596  0.330023   0.32596   0.31387  0.294053  0.266994  0.233361  0.193983  0.149827  0.101983  0.051627         0
         0 0.0511185  0.100978  0.148352  0.192072  0.231063  0.264364  0.291156  0.310779  0.322749  0.326772  0.322749  0.310779  0.291156  0.264364  0.231063  0.192072  0.148352  0.100978 0.0511185         0
         0  0.050615 0.0999837   0.14689   0.19018  0.228787  0.261761  0.288289  0.307718   0.31957  0.323554   0.31957  0.307718  0.288289  0.261761  0.228787   0.19018   0.14689 0.0999837  0.050615         0
         0 0.0501165 0.0989989  0.145444  0.188307  0.226534  0.259182  0.285449  0.304687  0.316423  0.320367  0.316423  0.304687  0.285449  0.259182  0.226534  0.188307  0.145444 0.0989989 0.0501165         0
         0 0.0496229 0.0980238  0.144011  0.186452  0.224303   0.25663  0.282638  0.301686  0.313306  0.317212  0.313306  0.301686  0.282638   0.25663  0.224303  0.186452  0.144011 0.0980238 0.0496229         0
         0 0.0491341 0.0970584  0.142593  0.184616  0.222093  0.254102  0.279854  0.298715   0.31022  0.314087   0.31022  0.298715  0.279854  0.254102  0.222093  0.184616  0.142593 0.0970584 0.0491341         0
         0 0.0486502 0.0961024  0.141188  0.182798  0.219906  0.251599  0.277098  0.295773  0.307165  0.310994  0.307165  0.295773  0.277098  0.251599  0.219906  0.182798  0.141188 0.0961024 0.0486502         0
         0  0.048171 0.0951558  0.139798  0.180997   0.21774  0.249121  0.274368   0.29286   0.30414  0.307931   0.30414   0.29286  0.274368  0.249121   0.21774  0.180997  0.139798 0.0951558  0.048171         0
         0 0.0476965 0.0942186  0.138421  0.179214  0.215595  0.246668  0.271666  0.289975  0.301144  0.304898  0.301144  0.289975  0.271666  0.246668  0.215595  0.179214  0.138421 0.0942186 0.0476965         0
         0 0.0472268 0.0932906  0.137057  0.177449  0.213472  0.244238   0.26899  0.287119  0.298178  0.301895  0.298178  0.287119   0.26899  0.244238  0.213472  0.177449  0.137057 0.0932906 0.0472268         0
         0 0.0467616 0.0923718  0.135707  0.175702  0.211369  0.241832  0.266341  0.284291  0.295241  0.298921  0.295241  0.284291  0.266341  0.241832  0.211369  0.175702  0.135707 0.0923718 0.0467616         0
         0  0.046301  0.091462  0.134371  0.173971  0.209287  0.239451  0.263718  0.281491  0.292333  0.295977  0.292333  0.281491  0.263718  0.239451  0.209287  0.173971  0.134371  0.091462  0.046301         0
         0  0.045845 0.0905611  0.133047  0.172258  0.207226  0.237092   0.26112  0.278719  0.289454  0.293062  0.289454  0.278719   0.26112  0.237092  0.207226  0.172258  0.133047 0.0905611  0.045845         0
         0 0.0453935 0.0896692  0.131737  0.170561  0.205185  0.234757  0.258548  0.275973  0.286603  0.290176  0.286603  0.275973  0.258548  0.234757  0.205185  0.170561  0.131737 0.0896692 0.0453935         0
         0 0.0449464  0.088786  0.130439  0.168881  0.203164  0.232445  0.256002  0.273255   0.28378  0.287318   0.28378  0.273255  0.256002  0.232445  0.203164  0.168881  0.130439  0.088786 0.0449464         0
         0 0.0445037 0.0879115  0.129155  0.167218  0.201163  0.230155   0.25348  0.270564  0.280985  0.284488  0.280985  0.270564   0.25348  0.230155  0.201163  0.167218  0.129155 0.0879115 0.0445037         0
         0 0.0440653 0.0870456  0.127883  0.165571  0.199182  0.227888  0.250984  0.267899  0.278218  0.281686  0.278218  0.267899  0.250984  0.227888  0.199182  0.165571  0.127883 0.0870456 0.0440653         0
         0 0.0436313 0.0861883  0.126623   0.16394   0.19722  0.225644  0.248512   0.26526  0.275477  0.278911  0.275477   0.26526  0.248512  0.225644   0.19722   0.16394  0.126623 0.0861883 0.0436313         0
         0 0.0432016 0.0853394  0.125376  0.162325  0.195278  0.223421  0.246064  0.262648  0.272764  0.276164  0.272764  0.262648  0.246064  0.223421  0.195278  0.162325  0.125376 0.0853394 0.0432016         0
         0 0.0427761 0.0844989  0.124141  0.160726  0.193354  0.221221   0.24364  0.260061  0.270078  0.273444  0.270078  0.260061   0.24364  0.221221  0.193354  0.160726  0.124141 0.0844989 0.0427761         0
         0 0.0423548 0.0836666  0.122918  0.159143   0.19145  0.219042  0.241241  0.257499  0.267417  0.270751  0.267417  0.257499  0.241241  0.219042   0.19145  0.159143  0.122918 0.0836666 0.0423548         0
         0 0.0419376 0.0828426  0.121708  0.157576  0.189564  0.216885  0.238865  0.254963  0.264784  0.268084  0.264784  0.254963  0.238865  0.216885  0.189564  0.157576  0.121708 0.0828426 0.0419376         0
         0 0.0415245 0.0820266  0.120509  0.156024  0.187697  0.214748  0.236512  0.252452  0.262176  0.265444  0.262176  0.252452  0.236512  0.214748  0.187697  0.156024  0.120509 0.0820266 0.0415245         0
         0 0.0411156 0.0812187  0.119322  0.154487  0.185848  0.212633  0.234183  0.249965  0.259593  0.262829  0.259593  0.249965  0.234183  0.212633  0.185848  0.154487  0.119322 0.0812187 0.0411156         0
         0 0.0407106 0.0804188  0.118147  0.152966  0.184018  0.210539  0.231876  0.247503  0.257037  0.260241  0.257037  0.247503  0.231876  0.210539  0.184018  0.152966  0.118147 0.0804188 0.0407106         0
         0 0.0403096 0.0796267  0.116983  0.151459  0.182205  0.208465  0.229592  0.245066  0.254505  0.257677  0.254505  0.245066  0.229592  0.208465  0.182205  0.151459  0.116983 0.0796267 0.0403096         0
         0 0.0399126 0.0788424  0.115831  0.149967  0.180411  0.206412  0.227331  0.242652  0.251998  0.255139  0.251998  0.242652  0.227331  0.206412  0.180411  0.149967  0.115831 0.0788424 0.0399126         0
         0 0.0395195 0.0780659   0.11469   0.14849  0.178634  0.204379  0.225092  0.240262  0.249516  0.252626  0.249516  0.240262  0.225092  0.204379  0.178634   0.14849   0.11469 0.0780659 0.0395195         0
         0 0.0391302  0.077297   0.11356  0.147028  0.176874  0.202366  0.222875  0.237896  0.247059  0.250138  0.247059  0.237896  0.222875  0.202366  0.176874  0.147028   0.11356  0.077297 0.0391302         0
         0 0.0387448 0.0765357  0.112442  0.145579  0.175132  0.200373   0.22068  0.235553  0.244625  0.247675  0.244625  0.235553   0.22068  0.200373  0.175132  0.145579  0.112442 0.0765357 0.0387448         0
         0 0.0383632 0.0757818  0.111334  0.144146  0.173407  0.198399  0.218506  0.233232  0.242216  0.245235  0.242216  0.233232  0.218506  0.198399  0.173407  0.144146  0.111334 0.0757818 0.0383632         0
         0 0.0379854 0.0750354  0.110238  0.142726  0.171699  0.196445  0.216354  0.230935   0.23983   0.24282   0.23983  0.230935  0.216354  0.196445  0.171699  0.142726  0.110238 0.0750354 0.0379854         0
         0 0.0376112 0.0742964  0.109152   0.14132  0.170008   0.19451  0.214223  0.228661  0.237468  0.240428  0.237468  0.228661  0.214223   0.19451  0.170008   0.14132  0.109152 0.0742964 0.0376112         0
         0 0.0372408 0.0735646  0.108077  0.139928  0.168334  0.192595  0.212113  0.226409  0.235129   0.23806  0.235129  0.226409  0.212113  0.192595  0.168334  0.139928  0.108077 0.0735646 0.0372408         0
         0  0.036874   0.07284  0.107013   0.13855  0.166676  0.190698  0.210024  0.224179  0.232813  0.235715  0.232813  0.224179  0.210024  0.190698  0.166676   0.13855  0.107013   0.07284  0.036874         0
         0 0.0365108 0.0721226  0.105959  0.137185  0.165034  0.188819  0.207955  0.221971   0.23052  0.233394   0.23052  0.221971  0.207955  0.188819  0.165034  0.137185  0.105959 0.0721226 0.0365108         0
         0 0.0361512 0.0714123  0.104915  0.135834  0.163409   0.18696  0.205907  0.219784   0.22825  0.231095   0.22825  0.219784  0.205907   0.18696  0.163409  0.135834  0.104915 0.0714123 0.0361512         0
         0 0.0357951 0.0707089  0.103882  0.134496  0.161799  0.185118  0.203879   0.21762  0.226002  0.228819  0.226002   0.21762  0.203879  0.185118  0.161799  0.134496  0.103882 0.0707089 0.0357951         0
         0 0.0354426 0.0700125  0.102858  0.133172  0.160206  0.183295  0.201871  0.215476  0.223776  0.226565  0.223776  0.215476  0.201871  0.183295  0.160206  0.133172  0.102858 0.0700125 0.0354426         0
         0 0.0350935 0.0693229  0.101845   0.13186  0.158628   0.18149  0.199883  0.213354  0.221572  0.224334  0.221572  0.213354  0.199883   0.18149  0.158628   0.13186  0.101845 0.0693229 0.0350935         0
         0 0.0347479 0.0686401  0.100842  0.130561  0.157065  0.179702  0.197914  0.211253  0.219389  0.222124  0.219389  0.211253  0.197914  0.179702  0.157065  0.130561  0.100842 0.0686401 0.0347479         0
         0 0.0344056  0.067964  0.099849  0.129275  0.155518  0.177932  0.195965  0.209172  0.217228  0.219936  0.217228  0.209172  0.195965  0.177932  0.155518  0.129275  0.099849  0.067964 0.0344056         0
         0 0.0340667 0.0672946 0.0988655  0.128002  0.153987   0.17618  0.194035  0.207112  0.215089   0.21777  0.215089  0.207112  0.194035   0.17618  0.153987  0.128002 0.0988655 0.0672946 0.0340667         0
         0 0.0337312 0.0666318 0.0978918  0.126741   0.15247  0.174444  0.192123  0.205072   0.21297  0.215625   0.21297  0.205072  0.192123  0.174444   0.15247  0.126741 0.0978918 0.0666318 0.0337312         0
         0  0.033399 0.0659756 0.0969276  0.125493  0.150968  0.172726  0.190231  0.203052  0.210873  0.213501  0.210873  0.203052  0.190231  0.172726  0.150968  0.125493 0.0969276 0.0659756  0.033399         0
         0   0.03307 0.0653257 0.0959729  0.124257  0.149481  0.171025  0.188357  0.201052  0.208796  0.211399  0.208796  0.201052  0.188357  0.171025  0.149481  0.124257 0.0959729 0.0653257   0.03307         0
         0 0.0327443 0.0646823 0.0950277  0.123033  0.148009  0.169341  0.186502  0.199072  0.206739  0.209316  0.206739  0.199072  0.186502  0.169341  0.148009  0.123033 0.0950277 0.0646823 0.0327443         0
         0 0.0324218 0.0640453 0.0940917  0.121821  0.146551  0.167673  0.184665  0.197111  0.204703  0.207255  0.204703  0.197111  0.184665  0.167673  0.146551  0.121821 0.0940917 0.0640453 0.0324218         0
         0 0.0321025 0.0634145  0.093165  0.120621  0.145108  0.166021  0.182847   0.19517  0.202687  0.205213  0.202687   0.19517  0.182847  0.166021  0.145108  0.120621  0.093165 0.0634145 0.0321025         0
         0 0.0317863 0.0627899 0.0922474  0.119433  0.143679  0.164386  0.181046  0.193247  0.200691  0.203192  0.200691  0.193247  0.181046  0.164386  0.143679  0.119433 0.0922474 0.0627899 0.0317863         0
         0 0.0314732 0.0621714 0.0913388  0.118257  0.142263  0.162767  0.179262  0.191344  0.198714  0.201191  0.198714  0.191344  0.179262  0.162767  0.142263  0.118257 0.0913388 0.0621714 0.0314732         0
         0 0.0311632 0.0615591 0.0904392  0.117092  0.140862  0.161164  0.177497  0.189459  0.196757  0.199209  0.196757  0.189459  0.177497  0.161164  0.140862  0.117092 0.0904392 0.0615591 0.0311632         0
         0 0.0308563 0.0609528 0.0895484  0.115939  0.139475  0.159576  0.175749  0.187593  0.194819  0.197247  0.194819  0.187593  0.175749  0.159576  0.139475  0.115939 0.0895484 0.0609528 0.0308563         0
         0 0.0305524 0.0603524 0.0886664  0.114797  0.138101  0.158005  0.174018  0.185746    0.1929  0.195305    0.1929  0.185746  0.174018  0.158005  0.138101  0.114797 0.0886664 0.0603524 0.0305524         0
         0 0.0302514  0.059758 0.0877931  0.113666  0.136741  0.156448  0.172304  0.183916     0.191  0.193381     0.191  0.183916  0.172304  0.156448  0.136741  0.113666 0.0877931  0.059758 0.0302514         0
         0 0.0299535 0.0591694 0.0869284  0.112547  0.135394  0.154908  0.170607  0.182105  0.189119  0.191476  0.189119  0.182105  0.170607  0.154908  0.135394  0.112547 0.0869284 0.0591694 0.0299535         0
         0 0.0296585 0.0585866 0.0860722  0.111438  0.134061  0.153382  0.168926  0.180311  0.187256   0.18959  0.187256  0.180311  0.168926  0.153382  0.134061  0.111438 0.0860722 0.0585866 0.0296585         0
         0 0.0293663 0.0580096 0.0852245  0.110341   0.13274  0.151871  0.167262  0.178535  0.185412  0.187723  0.185412  0.178535  0.167262  0.151871   0.13274  0.110341 0.0852245 0.0580096 0.0293663         0
         0 0.0290771 0.0574382 0.0843851  0.109254  0.131433  0.150375  0.165615  0.176777  0.183586  0.185874  0.183586  0.176777  0.165615  0.150375  0.131433  0.109254 0.0843851 0.0574382 0.0290771         0
         0 0.0287907 0.0568725 0.0835539  0.108178  0.130138  0.148894  0.163984  0.175036  0.181777  0.184043  0.181777  0.175036  0.163984  0.148894  0.130138  0.108178 0.0835539 0.0568725 0.0287907         0
         0 0.0285071 0.0563124  0.082731  0.107112  0.128856  0.147428  0.162369  0.173312  0.179987  0.182231  0.179987  0.173312  0.162369  0.147428  0.128856  0.107112  0.082731 0.0563124 0.0285071         0
         0 0.0282264 0.0557577 0.0819161  0.106057  0.127587  0.145976  0.160769  0.171605  0.178214  0.180436  0.178214  0.171605  0.160769  0.145976  0.127587  0.106057 0.0819161 0.0557577 0.0282264         0
         0 0.0279484 0.0552085 0.0811093  0.105013  0.126331  0.144538  0.159186  0.169914  0.176459  0.178659  0.176459  0.169914  0.159186  0.144538  0.126331  0.105013 0.0811093 0.0552085 0.0279484         0
         0 0.0276731 0.0546648 0.0803104  0.103979  0.125086  0.143114  0.157618  0.168241  0.174721  0.176899  0.174721  0.168241  0.157618  0.143114  0.125086  0.103979 0.0803104 0.0546648 0.0276731         0
         0 0.0274005 0.0541264 0.0795194  0.102954  0.123854  0.141705  0.156066  0.166584     0.173  0.175157     0.173  0.166584  0.156066  0.141705  0.123854  0.102954 0.0795194 0.0541264 0.0274005         0
         0 0.0271307 0.0535933 0.0787362   0.10194  0.122635  0.140309  0.154529  0.164943  0.171296  0.173431  0.171296  0.164943  0.154529  0.140309  0.122635   0.10194 0.0787362 0.0535933 0.0271307         0
         0 0.0268634 0.0530654 0.0779607  0.100936  0.121427  0.138927  0.153007  0.163318  0.169609  0.171723  0.169609  0.163318  0.153007  0.138927  0.121427  0.100936 0.0779607 0.0530654 0.0268634         0
         0 0.0265988 0.0525427 0.0771929 0.0999422  0.120231  0.137559    0.1515   0.16171  0.167938  0.170032  0.167938   0.16171    0.1515  0.137559  0.120231 0.0999422 0.0771929 0.0525427 0.0265988         0
         0 0.0263369 0.0520252 0.0764326 0.0989579  0.119046  0.136204  0.150007  0.160117  0.166284  0.168357  0.166284  0.160117  0.150007  0.136204  0.119046 0.0989579 0.0764326 0.0520252 0.0263369         0
         0 0.0260775 0.0515128 0.0756797 0.0979832  0.117874  0.134862   0.14853   0.15854  0.164647  0.166699  0.164647   0.15854   0.14853  0.134862  0.117874 0.0979832 0.0756797 0.0515128 0.0260775         0
         0 0.0258206 0.0510054 0.0749344 0.0970181  0.116713  0.133534  0.147067  0.156979  0.163025  0.165057  0.163025  0.156979  0.147067  0.133534  0.116713 0.0970181 0.0749344 0.0510054 0.0258206         0
         0 0.0255663 0.0505031 0.0741963 0.0960626  0.115563  0.132219  0.145618  0.155432  0.161419  0.163431  0.161419  0.155432  0.145618  0.132219  0.115563 0.0960626 0.0741963 0.0505031 0.0255663         0
         0 0.0253145 0.0500057 0.0734655 0.0951164  0.114425  0.130917  0.144184  0.153902  0.159829  0.161822  0.159829  0.153902  0.144184  0.130917  0.114425 0.0951164 0.0734655 0.0500057 0.0253145         0
         0 0.0250652 0.0495131 0.0727419 0.0941796  0.113298  0.129627  0.142764  0.152386  0.158255  0.160228  0.158255  0.152386  0.142764  0.129627  0.113298 0.0941796 0.0727419 0.0495131 0.0250652         0
         0 0.0248183 0.0490255 0.0720255  0.093252  0.112182   0.12835  0.141358  0.150885  0.156696   0.15865  0.156696  0.150885  0.141358   0.12835  0.112182  0.093252 0.0720255 0.0490255 0.0248183         0
         0 0.0245738 0.0485426 0.0713161 0.0923335  0.111077  0.127086  0.139966  0.149399  0.155153  0.157087  0.155153  0.149399  0.139966  0.127086  0.111077 0.0923335 0.0713161 0.0485426 0.0245738         0
         0 0.0243318 0.0480645 0.0706137 0.0914241  0.109983  0.125834  0.138587  0.147927  0.153625   0.15554  0.153625  0.147927  0.138587  0.125834  0.109983 0.0914241 0.0706137 0.0480645 0.0243318         0
         0 0.0240922 0.0475911 0.0699182 0.0905236    0.1089  0.124595  0.137222   0.14647  0.152112  0.154008  0.152112   0.14647  0.137222  0.124595    0.1089 0.0905236 0.0699182 0.0475911 0.0240922         0
         0 0.0238549 0.0471223 0.0692295  0.089632  0.107827  0.123368  0.135871  0.145028  0.150614  0.152491  0.150614  0.145028  0.135871  0.123368  0.107827  0.089632 0.0692295 0.0471223 0.0238549         0
         0 0.0236199 0.0466582 0.0685476 0.0887492  0.106765  0.122153  0.134532  0.143599   0.14913  0.150989   0.14913  0.143599  0.134532  0.122153  0.106765 0.0887492 0.0685476 0.0466582 0.0236199         0
         0 0.0233873 0.0461987 0.0678725 0.0878751  0.105714   0.12095  0.133207  0.142185  0.147661  0.149502  0.147661  0.142185  0.133207   0.12095  0.105714 0.0878751 0.0678725 0.0461987 0.0233873         0
         0 0.0231569 0.0457436  0.067204 0.0870096  0.104673  0.119758  0.131895  0.140784  0.146207   0.14803  0.146207  0.140784  0.131895  0.119758  0.104673 0.0870096  0.067204 0.0457436 0.0231569         0
         0 0.0229288 0.0452931 0.0665421 0.0861526  0.103642  0.118579  0.130596  0.139398  0.144767  0.146572  0.144767  0.139398  0.130596  0.118579  0.103642 0.0861526 0.0665421 0.0452931 0.0229288         0
         0  0.022703  0.044847 0.0658867  0.085304  0.102621  0.117411   0.12931  0.138025  0.143341  0.145128  0.143341  0.138025   0.12931  0.117411  0.102621  0.085304 0.0658867  0.044847  0.022703         0
         0 0.0224794 0.0444053 0.0652377 0.0844639   0.10161  0.116255  0.128036  0.136665  0.141929  0.143698  0.141929  0.136665  0.128036  0.116255   0.10161 0.0844639 0.0652377 0.0444053 0.0224794         0
         0  0.022258 0.0439679 0.0645952 0.0836319  0.100609  0.115109  0.126775  0.135319  0.140531  0.142283  0.140531  0.135319  0.126775  0.115109  0.100609 0.0836319 0.0645952 0.0439679  0.022258         0
         0 0.0220388 0.0435349  0.063959 0.0828082 0.0996185  0.113976  0.125527  0.133987  0.139147  0.140882  0.139147  0.133987  0.125527  0.113976 0.0996185 0.0828082  0.063959 0.0435349 0.0220388         0
         0 0.0218217 0.0431061  0.063329 0.0819926 0.0986373  0.112853   0.12429  0.132667  0.137777  0.139494  0.137777  0.132667   0.12429  0.112853 0.0986373 0.0819926  0.063329 0.0431061 0.0218217         0
